3809 4562 0 7418 11728 0
1461 5713 1920 10233 14111 0
1621 5542 2049 10444 14478 0
1781 5371 2178 10655 14845 0
1941 5200 2307 10866 15212 0
2101 5029 2436 11077 15579 0
2261 4858 2565 11288 15946 0
2421 4687 2694 11499 16313 0
2581 4516 2823 11710 16680 0
2741 4345 2952 11921 17047 0
2901 4174 3081 12132 17414 0
3061 4003 3210 12343 17781 0
3221 3832 3339 12554 18148 0
571 7705 5920 13172 13505 2798
11706 0 1547 10092 18120 0
6461 0 6525 16189 22826 0
6650 0 6715 16406 23094 0
6839 0 6905 16623 23362 0
7028 0 7095 16840 23630 0
7217 0 7285 17057 23898 0
7406 0 7475 17274 24166 0
7595 0 7665 17491 24434 0
7784 0 7855 17708 24702 0
7973 0 8045 17925 24970 0
8162 0 8235 18142 25238 0
8351 0 8425 18359 25506 0
8540 0 8615 18576 25774 0
3193 3489 9542 20406 17703 7731
20302 0 4599 12752 22992 0
11753 0 11845 22265 30330 0
11942 0 12035 22482 30598 0
12131 0 12225 22699 30866 0
12320 0 12415 22916 31134 0
12509 0 12605 23133 31402 0
12698 0 12795 23350 31670 0
12887 0 12985 23567 31938 0
13076 0 13175 23784 32206 0
13265 0 13365 24001 32474 0
13454 0 13555 24218 32742 0
13643 0 13745 24435 33010 0
13832 0 13935 24652 33278 0
5769 0 13824 28638 21847 12715
28898 0 12771 16564 25428 0
14399 0 31721 25389 34082 0
14588 0 29716 25520 34350 0
14777 0 26613 25737 34618 0
14966 0 26803 25954 34886 0
15155 0 26993 26171 35154 0
15344 0 27183 26388 35422 0
15533 0 27373 26605 35690 0
15722 0 27563 26822 35958 0
15911 0 27753 27039 36226 0
16100 0 27943 27256 36494 0
16289 0 28133 27473 36762 0
16478 0 28323 27690 37030 0
7057 0 22177 32754 23919 17321
24529 0 22469 3747 7516 0
7154 0 27727 14033 2639 5044
7401 0 28432 6337 0 3050
7590 0 24544 1812 0 0
7779 0 24734 2029 0 0
7968 0 24924 2246 0 0
8157 0 25114 2463 0 0
8346 0 25304 2680 88 0
8535 0 25494 2897 356 0
8724 0 25684 3114 624 0
8913 0 25874 3331 892 0
9102 0 26064 3548 1160 0
9291 0 26254 3765 1428 0
4223 0 18907 14943 0 17379
14383 8504 11653 9824 590 0
6655 0 7416 19600 16330 4717
4814 7229 8880 14204 20711 3326
5003 7103 9070 13241 19137 0
5192 6827 9260 13458 19405 0
5381 6551 9450 13675 19673 0
5570 6275 9640 13892 19941 0
5759 5999 9830 14109 20209 0
5948 5723 10020 14326 20477 0
6137 5447 10210 14543 20745 0
6326 5171 10400 14760 21013 0
6515 4895 10590 14977 21281 0
6704 4619 10780 15194 21549 0
1672 5362 8238 18609 15420 8430
15542 0 2940 11322 20271 0
8870 0 8890 18883 26105 0
9059 0 9080 19100 26373 0
9248 0 9270 19317 26641 0
9437 0 9460 19534 26909 0
9626 0 9650 19751 27177 0
9815 0 9840 19968 27445 0
10004 0 10030 20185 27713 0
10193 0 10220 20402 27981 0
10382 0 10410 20619 28249 0
10571 0 10600 20836 28517 0
10760 0 10790 21053 28785 0
10949 0 10980 21270 29053 0
4248 1414 11384 24070 19564 9909
24138 0 5992 13982 25143 0
14162 0 14210 24959 33609 0
14351 0 14400 25176 33877 0
14540 0 14590 25393 34145 0
14729 0 14780 25610 34413 0
14918 0 14970 25827 34681 0
15107 0 15160 26044 34949 0
15296 0 15350 26261 35217 0
15485 0 15540 26478 35485 0
15674 0 15730 26695 35753 0
15863 0 15920 26912 36021 0
16052 0 16110 27129 36289 0
16241 0 16300 27346 36557 0
6824 0 15780 32302 23708 14893
28436 0 21510 15312 27579 0
16808 0 28567 27997 37361 0
15448 0 29471 29276 32958 0
11335 0 31721 19412 23146 1335
14191 0 26477 13347 10261 0
14380 0 26667 13564 10529 0
14569 0 26857 13781 10797 0
14758 0 27047 13998 11065 0
14947 0 27237 14215 11333 0
15136 0 27427 14432 11601 0
15325 0 27617 14649 11869 0
15514 0 27807 14866 12137 0
15703 0 27997 15083 12405 0
6329 0 21926 23942 2447 17079
17769 7650 22521 0 0 0
9589 0 26521 4105 1781 0
9784 0 24586 9427 0 5044
4494 2553 21066 13351 4445 4717
6952 7229 13467 10865 2681 0
7141 6953 13657 11082 2949 0
7330 6677 13847 11299 3217 0
7519 6401 14037 11516 3485 0
7708 6125 14227 11733 3753 0
7897 5849 14417 11950 4021 0
8086 5573 14607 12167 4289 0
8275 5297 14797 12384 4557 0
8464 5021 14987 12601 4825 0
4126 5635 9212 18175 1149 12705
13373 8812 7977 9807 17598 0
6950 4193 11070 15538 22022 0
6083 1741 6680 19600 22290 2173
6272 0 6335 17262 22558 2543
6461 0 6525 16189 22826 0
6650 0 6715 16406 23094 0
6839 0 6905 16623 23362 0
7028 0 7095 16840 23630 0
7217 0 7285 17057 23898 0
7406 0 7475 17274 24166 0
7595 0 7665 17491 24434 0
7784 0 7855 17708 24702 0
7973 0 8045 17925 24970 0
2917 3990 9152 19524 17259 7197
19381 0 4272 12467 22470 0
11186 0 11275 21614 29526 0
11375 0 11465 21831 29794 0
11564 0 11655 22048 30062 0
11753 0 11845 22265 30330 0
11942 0 12035 22482 30598 0
12131 0 12225 22699 30866 0
12320 0 12415 22916 31134 0
12509 0 12605 23133 31402 0
12698 0 12795 23350 31670 0
12887 0 12985 23567 31938 0
13076 0 13175 23784 32206 0
13265 0 13365 24001 32474 0
5493 0 13353 27756 21403 12181
27977 0 7324 15127 27342 0
16478 0 16595 27690 37030 0
16667 0 16785 27907 37298 0
16808 0 22095 29276 37361 0
14399 0 31721 25389 34082 0
14588 0 29716 25520 34350 0
14777 0 26613 25737 34618 0
14966 0 26803 25954 34886 0
15155 0 26993 26171 35154 0
15344 0 27183 26388 35422 0
15533 0 27373 26605 35690 0
15722 0 27563 26822 35958 0
15911 0 27753 27039 36226 0
6781 0 21706 31872 23475 16787
24366 0 24775 2696 5934 0
15595 0 29207 14107 10409 0
15759 0 29468 14204 10458 0
15891 0 30497 14233 10430 0
6750 0 28804 12412 0 6071
6963 0 29580 4596 0 4123
7127 0 25783 0 0 0
7291 0 26044 0 0 0
7455 0 26305 0 0 0
7619 0 26566 0 0 0
7783 0 26827 0 0 0
7947 0 27088 0 0 0
8111 0 27349 0 0 0
2831 0 19192 11827 0 16794
# Shape: 14x14, Channels: 6
# Format: Each line is one pixel location. Columns are Channels 0 to 5
