14 17 0 28 45 0
5 22 7 39 55 0
6 21 8 40 56 0
6 20 8 41 57 0
7 20 9 42 59 0
8 19 9 43 60 0
8 18 10 44 62 0
9 18 10 44 63 0
10 17 11 45 65 0
10 16 11 46 66 0
11 16 12 47 68 0
11 15 12 48 69 0
12 14 13 49 70 0
2 30 23 51 52 10
45 0 6 39 70 0
25 0 25 63 89 0
25 0 26 64 90 0
26 0 26 64 91 0
27 0 27 65 92 0
28 0 28 66 93 0
28 0 29 67 94 0
29 0 29 68 95 0
30 0 30 69 96 0
31 0 31 70 97 0
31 0 32 70 98 0
32 0 32 71 99 0
33 0 33 72 100 0
12 13 37 79 69 30
79 0 17 49 89 0
45 0 46 86 118 0
46 0 47 87 119 0
47 0 47 88 120 0
48 0 48 89 121 0
48 0 49 90 122 0
49 0 49 91 123 0
50 0 50 92 124 0
51 0 51 92 125 0
51 0 52 93 126 0
52 0 52 94 127 0
53 0 53 95 127 0
54 0 54 96 127 0
22 0 54 111 85 49
112 0 49 64 99 0
56 0 123 99 127 0
56 0 116 99 127 0
57 0 103 100 127 0
58 0 104 101 127 0
59 0 105 102 127 0
59 0 106 103 127 0
60 0 106 103 127 0
61 0 107 104 127 0
62 0 108 105 127 0
62 0 109 106 127 0
63 0 109 107 127 0
64 0 110 108 127 0
27 0 86 127 93 67
95 0 87 14 29 0
27 0 108 54 10 19
28 0 111 24 0 11
29 0 95 7 0 0
30 0 96 7 0 0
31 0 97 8 0 0
31 0 98 9 0 0
32 0 98 10 0 0
33 0 99 11 1 0
34 0 100 12 2 0
34 0 101 13 3 0
35 0 101 13 4 0
36 0 102 14 5 0
16 0 73 58 0 67
56 33 45 38 2 0
25 0 28 76 63 18
18 28 34 55 80 12
19 27 35 51 74 0
20 26 36 52 75 0
21 25 36 53 76 0
21 24 37 54 77 0
22 23 38 55 78 0
23 22 39 55 79 0
23 21 39 56 81 0
24 20 40 57 82 0
25 19 41 58 83 0
26 18 42 59 84 0
6 20 32 72 60 32
60 0 11 44 79 0
34 0 34 73 101 0
35 0 35 74 103 0
36 0 36 75 104 0
36 0 36 76 105 0
37 0 37 77 106 0
38 0 38 78 107 0
39 0 39 78 108 0
39 0 39 79 109 0
40 0 40 80 110 0
41 0 41 81 111 0
42 0 42 82 112 0
42 0 42 83 113 0
16 5 44 94 76 38
94 0 23 54 98 0
55 0 55 97 127 0
56 0 56 98 127 0
56 0 56 99 127 0
57 0 57 100 127 0
58 0 58 100 127 0
59 0 59 101 127 0
59 0 59 102 127 0
60 0 60 103 127 0
61 0 61 104 127 0
61 0 62 105 127 0
62 0 62 105 127 0
63 0 63 106 127 0
26 0 61 126 92 58
111 0 84 59 107 0
65 0 111 109 127 0
60 0 115 114 127 0
44 0 123 75 90 5
55 0 103 52 40 0
56 0 104 52 41 0
56 0 104 53 42 0
57 0 105 54 43 0
58 0 106 55 44 0
59 0 107 56 45 0
59 0 107 57 46 0
60 0 108 58 47 0
61 0 109 58 48 0
24 0 85 93 9 66
69 29 87 0 0 0
37 0 103 16 6 0
38 0 96 36 0 19
17 9 82 52 17 18
27 28 52 42 10 0
27 27 53 43 11 0
28 26 54 44 12 0
29 25 54 44 13 0
30 23 55 45 14 0
30 22 56 46 15 0
31 21 57 47 16 0
32 20 57 48 17 0
33 19 58 49 18 0
16 22 35 70 4 49
52 34 31 38 68 0
27 16 43 60 86 0
23 6 26 76 87 8
24 0 24 67 88 9
25 0 25 63 89 0
25 0 26 64 90 0
26 0 26 64 91 0
27 0 27 65 92 0
28 0 28 66 93 0
28 0 29 67 94 0
29 0 29 68 95 0
30 0 30 69 96 0
31 0 31 70 97 0
11 15 35 76 67 28
75 0 16 48 87 0
43 0 44 84 115 0
44 0 44 85 116 0
45 0 45 86 117 0
45 0 46 86 118 0
46 0 47 87 119 0
47 0 47 88 120 0
48 0 48 89 121 0
48 0 49 90 122 0
49 0 49 91 123 0
50 0 50 92 124 0
51 0 51 92 125 0
51 0 52 93 126 0
21 0 52 108 83 47
109 0 28 59 106 0
64 0 64 108 127 0
65 0 65 109 127 0
65 0 86 114 127 0
56 0 123 99 127 0
56 0 116 99 127 0
57 0 103 100 127 0
58 0 104 101 127 0
59 0 105 102 127 0
59 0 106 103 127 0
60 0 106 103 127 0
61 0 107 104 127 0
62 0 108 105 127 0
26 0 84 124 91 65
95 0 96 10 23 0
60 0 114 55 40 0
61 0 115 55 40 0
62 0 119 55 40 0
26 0 112 48 0 23
27 0 115 17 0 16
27 0 100 0 0 0
28 0 101 0 0 0
29 0 102 0 0 0
29 0 103 0 0 0
30 0 104 0 0 0
31 0 105 0 0 0
31 0 106 0 0 0
11 0 74 46 0 65
# Shape: 14x14, Channels: 6
# Format: Each line is one pixel location. Columns are Channels 0 to 5
