3241 -487 -3088 2503 4862 -2465
3044 251 -2776 3933 7048 -2381
2102 1402 -1536 5222 8361 -1307
2131 1326 -1485 5368 8622 -1256
2225 1231 -1463 5481 8801 -1386
2254 1155 -1412 5627 9062 -1335
2348 1060 -1390 5740 9241 -1465
2377 984 -1339 5886 9502 -1414
2471 889 -1317 5999 9681 -1544
2500 813 -1266 6145 9942 -1493
2594 718 -1244 6258 10121 -1623
2623 642 -1193 6404 10382 -1572
2717 547 -1171 6517 10561 -1702
2746 471 -1120 6663 10822 -1651
2840 376 -1098 6776 11001 -1781
2869 300 -1047 6922 11262 -1730
2963 205 -1025 7035 11441 -1860
2992 129 -974 7181 11702 -1809
3086 34 -952 7294 11881 -1939
3115 -42 -901 7440 12142 -1888
3209 -137 -879 7553 12321 -2018
3238 -213 -828 7699 12582 -1967
3332 -308 -806 7812 12761 -2097
3361 -384 -755 7958 13022 -2046
3455 -479 -733 8071 13201 -2176
3484 -555 -682 8217 13462 -2125
1730 1562 964 8596 10477 -2227
-1112 3394 2137 7499 8092 1295
6271 -3748 -3831 3275 8655 -5297
5947 -2912 -2906 6046 12270 -5082
3885 -1064 -385 8750 14417 -2523
3923 -1220 -313 8861 14653 -2464
4045 -1374 -256 8961 14784 -2607
4083 -1530 -184 9072 15020 -2548
4205 -1684 -127 9172 15151 -2691
4243 -1840 -55 9283 15387 -2632
4365 -1994 2 9383 15518 -2775
4403 -2150 74 9494 15754 -2716
4525 -2304 131 9594 15885 -2859
4563 -2460 203 9705 16121 -2800
4685 -2614 260 9805 16252 -2943
4723 -2770 332 9916 16488 -2884
4845 -2924 389 10016 16619 -3027
4883 -3080 461 10127 16855 -2968
5005 -3234 518 10227 16986 -3111
5043 -3390 590 10338 17222 -3052
5165 -3544 647 10438 17353 -3195
5203 -3700 719 10549 17589 -3136
5325 -3854 776 10649 17720 -3279
5363 -4010 848 10760 17956 -3220
5485 -4164 905 10860 18087 -3363
5523 -4320 977 10971 18323 -3304
5645 -4474 1034 11071 18454 -3447
5683 -4630 1106 11182 18690 -3388
3033 -1550 2815 11800 14047 -2817
-1601 1461 3687 10837 10850 3073
9870 -7375 -3678 3059 11607 -8967
9476 -7370 -2212 7390 16226 -8451
6229 -5268 1527 11652 19411 -3772
6277 -5420 1632 11779 19616 -3702
6418 -5544 1717 11869 19679 -3853
6466 -5696 1822 11996 19884 -3783
6607 -5820 1907 12086 19947 -3934
6655 -5972 2012 12213 20152 -3864
6796 -6096 2097 12303 20215 -4015
6844 -6248 2202 12430 20420 -3945
6985 -6372 2287 12520 20483 -4096
7033 -6524 2392 12647 20688 -4026
7174 -6648 2477 12737 20751 -4177
7222 -6800 2582 12864 20956 -4107
7363 -6924 2667 12954 21019 -4258
7411 -7076 2772 13081 21224 -4188
7552 -7200 2857 13171 21287 -4339
7600 -7352 2962 13298 21492 -4269
7741 -7476 3047 13388 21555 -4420
7789 -7628 3152 13515 21760 -4350
7930 -7752 3237 13605 21823 -4501
7978 -7904 3342 13732 22028 -4431
8119 -8028 3427 13822 22091 -4582
8167 -8180 3532 13949 22296 -4512
8308 -8304 3617 14039 22359 -4663
8356 -8456 3722 14166 22564 -4593
4367 -4562 4997 15208 16173 -3106
-2458 -822 5489 14918 12646 5514
14168 -9811 -2964 2485 13455 -13265
13578 -10800 -686 8720 18662 -12161
8875 -9132 4187 14690 23163 -4906
8923 -9284 4292 14817 23368 -4836
9064 -9408 4377 14907 23431 -4987
9112 -9560 4482 15034 23636 -4917
9253 -9684 4567 15124 23699 -5068
9301 -9836 4672 15251 23904 -4998
9442 -9960 4757 15341 23967 -5149
9490 -10112 4862 15468 24172 -5079
9631 -10236 4947 15558 24235 -5230
9679 -10388 5052 15685 24440 -5160
9820 -10512 5137 15775 24503 -5311
9868 -10664 5242 15902 24708 -5241
10009 -10788 5327 15992 24771 -5392
10057 -10940 5432 16119 24976 -5322
10198 -11064 5517 16209 25039 -5473
10246 -11216 5622 16336 25244 -5403
10387 -11340 5707 16426 25307 -5554
10435 -11492 5812 16553 25512 -5484
10576 -11616 5897 16643 25575 -5635
10624 -11768 6002 16770 25780 -5565
10765 -11892 6087 16860 25843 -5716
10813 -12044 6192 16987 26048 -5646
10954 -12168 6277 17077 26111 -5797
11002 -12320 6382 17204 26316 -5727
5655 -7642 7195 18680 18245 -3316
-3340 -3160 7309 19034 14424 8006
18466 -12247 -2250 1911 15303 -17563
17680 -14230 840 10050 21098 -15871
11521 -12996 6847 17728 26915 -6040
11569 -13148 6952 17855 27120 -5970
11710 -13272 7037 17945 27183 -6121
11758 -13424 7142 18072 27388 -6051
11899 -13548 7227 18162 27451 -6202
11947 -13700 7332 18289 27656 -6132
12088 -13824 7417 18379 27719 -6283
12136 -13976 7522 18506 27924 -6213
12277 -14100 7607 18596 27987 -6364
12325 -14252 7712 18723 28192 -6294
12466 -14376 7797 18813 28255 -6445
12514 -14528 7902 18940 28460 -6375
12655 -14652 7987 19030 28523 -6526
12703 -14804 8092 19157 28728 -6456
12844 -14928 8177 19247 28791 -6607
12892 -15080 8282 19374 28996 -6537
13033 -15204 8367 19464 29059 -6688
13081 -15356 8472 19591 29264 -6618
13222 -15480 8557 19681 29327 -6769
13270 -15632 8662 19808 29532 -6699
13411 -15756 8747 19898 29595 -6850
13459 -15908 8852 20025 29800 -6780
13600 -16032 8937 20115 29863 -6931
13648 -16184 9042 20242 30068 -6861
6943 -10722 9393 22152 20317 -3526
-4222 -5498 9129 23150 16202 10498
22764 -14683 -1536 1337 17151 -21861
21782 -17660 2366 11380 23534 -19581
14167 -16860 9507 20766 30667 -7174
14215 -17012 9612 20893 30872 -7104
14356 -17136 9697 20983 30935 -7255
14404 -17288 9802 21110 31140 -7185
14545 -17412 9887 21200 31203 -7336
14593 -17564 9992 21327 31408 -7266
14734 -17688 10077 21417 31471 -7417
14782 -17840 10182 21544 31676 -7347
14923 -17964 10267 21634 31739 -7498
14971 -18116 10372 21761 31944 -7428
15112 -18240 10457 21851 32007 -7579
15160 -18392 10562 21978 32212 -7509
15301 -18516 10647 22068 32275 -7660
15349 -18668 10752 22195 32480 -7590
15490 -18792 10837 22285 32543 -7741
15538 -18944 10942 22412 32748 -7671
15679 -19068 11027 22502 32811 -7822
15727 -19220 11132 22629 33016 -7752
15868 -19344 11217 22719 33079 -7903
15916 -19496 11322 22846 33284 -7833
16057 -19620 11407 22936 33347 -7984
16105 -19772 11512 23063 33552 -7914
16246 -19896 11597 23153 33615 -8065
16294 -20048 11702 23280 33820 -7995
8231 -13802 11591 25624 22389 -3736
-5104 -7836 10949 27266 17980 12990
27062 -17119 -822 763 18999 -26159
25884 -21090 3892 12710 25970 -23291
16813 -20724 12167 23804 34419 -8308
16861 -20876 12272 23931 34624 -8238
17002 -21000 12357 24021 34687 -8389
17050 -21152 12462 24148 34892 -8319
17191 -21276 12547 24238 34955 -8470
17239 -21428 12652 24365 35160 -8400
17380 -21552 12737 24455 35223 -8551
17428 -21704 12842 24582 35428 -8481
17569 -21828 12927 24672 35491 -8632
17617 -21980 13032 24799 35696 -8562
17758 -22104 13117 24889 35759 -8713
17806 -22256 13222 25016 35964 -8643
17947 -22380 13307 25106 36027 -8794
17995 -22532 13412 25233 36232 -8724
18136 -22656 13497 25323 36295 -8875
18184 -22808 13602 25450 36500 -8805
18325 -22932 13687 25540 36563 -8956
18373 -23084 13792 25667 36768 -8886
18514 -23208 13877 25757 36831 -9037
18562 -23360 13982 25884 37036 -8967
18703 -23484 14067 25974 37099 -9118
18751 -23636 14172 26101 37304 -9048
18892 -23760 14257 26191 37367 -9199
18940 -23912 14362 26318 37572 -9129
9519 -16882 13789 29096 24461 -3946
-5986 -10174 12769 31382 19758 15482
31360 -19555 -108 189 20847 -30457
28578 -22600 10538 15192 23798 -27001
14094 -23195 24515 24017 29503 -6114
10834 -28448 29488 18040 23688 -3382
13797 -30727 27483 14298 16250 -4296
16505 -34467 24190 11887 10703 -6529
16653 -34559 24244 11975 10803 -6663
16694 -34743 24380 12104 10971 -6610
16842 -34835 24434 12192 11071 -6744
16883 -35019 24570 12321 11239 -6691
17031 -35111 24624 12409 11339 -6825
17072 -35295 24760 12538 11507 -6772
17220 -35387 24814 12626 11607 -6906
17261 -35571 24950 12755 11775 -6853
17409 -35663 25004 12843 11875 -6987
17450 -35847 25140 12972 12043 -6934
17598 -35939 25194 13060 12143 -7068
17639 -36123 25330 13189 12311 -7015
17787 -36215 25384 13277 12411 -7149
17828 -36399 25520 13406 12579 -7096
17976 -36491 25574 13494 12679 -7230
18017 -36675 25710 13623 12847 -7177
18165 -36767 25764 13711 12947 -7311
18206 -36951 25900 13840 13115 -7258
18354 -37043 25954 13928 13215 -7392
18395 -37227 26090 14057 13383 -7339
9020 -31286 19944 16124 3201 -1215
-4714 -23375 13965 22984 2267 17596
26991 -25678 15120 -9306 8058 -28760
23217 -28697 20236 2375 3285 -26891
9616 -28567 25494 12661 3181 -2248
8372 -27976 25266 9857 918 1453
5719 -31665 26199 4965 -2036 1610
9863 -36032 22121 -511 -710 -4774
9972 -36132 22198 -406 -625 -4821
10052 -36308 22311 -294 -442 -4855
10161 -36408 22388 -189 -357 -4902
10241 -36584 22501 -77 -174 -4936
10350 -36684 22578 28 -89 -4983
10430 -36860 22691 140 94 -5017
10539 -36960 22768 245 179 -5064
10619 -37136 22881 357 362 -5098
10728 -37236 22958 462 447 -5145
10808 -37412 23071 574 630 -5179
10917 -37512 23148 679 715 -5226
10997 -37688 23261 791 898 -5260
11106 -37788 23338 896 983 -5307
11186 -37964 23451 1008 1166 -5341
11295 -38064 23528 1113 1251 -5388
11375 -38240 23641 1225 1434 -5422
11484 -38340 23718 1330 1519 -5469
11564 -38516 23831 1442 1702 -5503
11673 -38616 23908 1547 1787 -5550
11753 -38792 24021 1659 1970 -5584
5934 -37155 16674 4431 -4573 2948
-5574 -32725 12066 13571 -283 17654
20714 -18048 14423 -14719 -3345 -23988
16239 -26500 18441 -6355 -9572 -16832
4581 -25525 22190 5530 -1599 5319
4167 -16016 18833 8680 -4011 4350
5542 -11669 14727 4955 -6687 3325
9338 -10951 11120 223 -9993 -1739
9414 -11056 11234 346 -9848 -1709
9527 -11227 11310 440 -9725 -1820
9603 -11332 11424 563 -9580 -1790
9716 -11503 11500 657 -9457 -1901
9792 -11608 11614 780 -9312 -1871
9905 -11779 11690 874 -9189 -1982
9981 -11884 11804 997 -9044 -1952
10094 -12055 11880 1091 -8921 -2063
10170 -12160 11994 1214 -8776 -2033
10283 -12331 12070 1308 -8653 -2144
10359 -12436 12184 1431 -8508 -2114
10472 -12607 12260 1525 -8385 -2225
10548 -12712 12374 1648 -8240 -2195
10661 -12883 12450 1742 -8117 -2306
10737 -12988 12564 1865 -7972 -2276
10850 -13159 12640 1959 -7849 -2387
10926 -13264 12754 2082 -7704 -2357
11039 -13435 12830 2176 -7581 -2468
11115 -13540 12944 2299 -7436 -2438
11228 -13711 13020 2393 -7313 -2549
6685 -15486 7280 6125 -11158 3936
-1986 -19994 2527 12085 -7315 13242
16845 3087 9420 -8913 -8227 -18063
16786 -8025 8482 -33 -12747 -9845
9117 -18065 4710 8055 -4709 4963
6956 -10941 5183 11979 1025 4992
6636 -1758 6049 10546 4987 3601
7276 2918 6647 9392 3055 -2246
7333 2792 6747 9493 3223 -2195
7465 2642 6837 9609 3323 -2327
7522 2516 6937 9710 3491 -2276
7654 2366 7027 9826 3591 -2408
7711 2240 7127 9927 3759 -2357
7843 2090 7217 10043 3859 -2489
7900 1964 7317 10144 4027 -2438
8032 1814 7407 10260 4127 -2570
8089 1688 7507 10361 4295 -2519
8221 1538 7597 10477 4395 -2651
8278 1412 7697 10578 4563 -2600
8410 1262 7787 10694 4663 -2732
8467 1136 7887 10795 4831 -2681
8599 986 7977 10911 4931 -2813
8656 860 8077 11012 5099 -2762
8788 710 8167 11128 5199 -2894
8845 584 8267 11229 5367 -2843
8977 434 8357 11345 5467 -2975
9034 308 8457 11446 5635 -2924
9166 158 8547 11562 5735 -3056
2611 1051 5887 13801 614 -198
-5041 -901 6005 17237 1857 8705
16292 4193 1711 -572 1132 -14590
11060 1158 1467 8452 777 -9600
2336 -7543 3814 18228 10284 2448
2847 -12024 3619 15890 16872 2818
3802 -11113 934 12832 21253 443
6229 -5268 1527 11652 19411 -3772
6277 -5420 1632 11779 19616 -3702
6418 -5544 1717 11869 19679 -3853
6466 -5696 1822 11996 19884 -3783
6607 -5820 1907 12086 19947 -3934
6655 -5972 2012 12213 20152 -3864
6796 -6096 2097 12303 20215 -4015
6844 -6248 2202 12430 20420 -3945
6985 -6372 2287 12520 20483 -4096
7033 -6524 2392 12647 20688 -4026
7174 -6648 2477 12737 20751 -4177
7222 -6800 2582 12864 20956 -4107
7363 -6924 2667 12954 21019 -4258
7411 -7076 2772 13081 21224 -4188
7552 -7200 2857 13171 21287 -4339
7600 -7352 2962 13298 21492 -4269
7741 -7476 3047 13388 21555 -4420
7789 -7628 3152 13515 21760 -4350
7930 -7752 3237 13605 21823 -4501
7978 -7904 3342 13732 22028 -4431
8119 -8028 3427 13822 22091 -4582
4134 -4218 4755 14870 15962 -2940
-2346 -559 5287 14466 12434 5200
13706 -9584 -3042 2572 13302 -12765
13133 -10434 -819 8620 18377 -11782
8545 -8732 3912 14383 22832 -4674
8686 -8856 3997 14473 22895 -4825
8734 -9008 4102 14600 23100 -4755
8875 -9132 4187 14690 23163 -4906
8923 -9284 4292 14817 23368 -4836
9064 -9408 4377 14907 23431 -4987
9112 -9560 4482 15034 23636 -4917
9253 -9684 4567 15124 23699 -5068
9301 -9836 4672 15251 23904 -4998
9442 -9960 4757 15341 23967 -5149
9490 -10112 4862 15468 24172 -5079
9631 -10236 4947 15558 24235 -5230
9679 -10388 5052 15685 24440 -5160
9820 -10512 5137 15775 24503 -5311
9868 -10664 5242 15902 24708 -5241
10009 -10788 5327 15992 24771 -5392
10057 -10940 5432 16119 24976 -5322
10198 -11064 5517 16209 25039 -5473
10246 -11216 5622 16336 25244 -5403
10387 -11340 5707 16426 25307 -5554
10435 -11492 5812 16553 25512 -5484
10576 -11616 5897 16643 25575 -5635
10624 -11768 6002 16770 25780 -5565
10765 -11892 6087 16860 25843 -5716
5422 -7298 6953 18342 18034 -3150
-3228 -2897 7107 18582 14212 7692
18004 -12020 -2328 1998 15150 -17063
17235 -13864 707 9950 20813 -15492
11191 -12596 6572 17421 26584 -5808
11332 -12720 6657 17511 26647 -5959
11380 -12872 6762 17638 26852 -5889
11521 -12996 6847 17728 26915 -6040
11569 -13148 6952 17855 27120 -5970
11710 -13272 7037 17945 27183 -6121
11758 -13424 7142 18072 27388 -6051
11899 -13548 7227 18162 27451 -6202
11947 -13700 7332 18289 27656 -6132
12088 -13824 7417 18379 27719 -6283
12136 -13976 7522 18506 27924 -6213
12277 -14100 7607 18596 27987 -6364
12325 -14252 7712 18723 28192 -6294
12466 -14376 7797 18813 28255 -6445
12514 -14528 7902 18940 28460 -6375
12655 -14652 7987 19030 28523 -6526
12703 -14804 8092 19157 28728 -6456
12844 -14928 8177 19247 28791 -6607
12892 -15080 8282 19374 28996 -6537
13033 -15204 8367 19464 29059 -6688
13081 -15356 8472 19591 29264 -6618
13222 -15480 8557 19681 29327 -6769
13270 -15632 8662 19808 29532 -6699
13411 -15756 8747 19898 29595 -6850
6710 -10378 9151 21814 20106 -3360
-4110 -5235 8927 22698 15990 10184
22302 -14456 -1614 1424 16998 -21361
21337 -17294 2233 11280 23249 -19202
13837 -16460 9232 20459 30336 -6942
13978 -16584 9317 20549 30399 -7093
14026 -16736 9422 20676 30604 -7023
14167 -16860 9507 20766 30667 -7174
14215 -17012 9612 20893 30872 -7104
14356 -17136 9697 20983 30935 -7255
14404 -17288 9802 21110 31140 -7185
14545 -17412 9887 21200 31203 -7336
14593 -17564 9992 21327 31408 -7266
14734 -17688 10077 21417 31471 -7417
14782 -17840 10182 21544 31676 -7347
14923 -17964 10267 21634 31739 -7498
14971 -18116 10372 21761 31944 -7428
15112 -18240 10457 21851 32007 -7579
15160 -18392 10562 21978 32212 -7509
15301 -18516 10647 22068 32275 -7660
15349 -18668 10752 22195 32480 -7590
15490 -18792 10837 22285 32543 -7741
15538 -18944 10942 22412 32748 -7671
15679 -19068 11027 22502 32811 -7822
15727 -19220 11132 22629 33016 -7752
15868 -19344 11217 22719 33079 -7903
15916 -19496 11322 22846 33284 -7833
16057 -19620 11407 22936 33347 -7984
7998 -13458 11349 25286 22178 -3570
-4992 -7573 10747 26814 17768 12676
26600 -16892 -900 850 18846 -25659
25439 -20724 3759 12610 25685 -22912
16483 -20324 11892 23497 34088 -8076
16624 -20448 11977 23587 34151 -8227
16672 -20600 12082 23714 34356 -8157
16813 -20724 12167 23804 34419 -8308
16861 -20876 12272 23931 34624 -8238
17002 -21000 12357 24021 34687 -8389
17050 -21152 12462 24148 34892 -8319
17191 -21276 12547 24238 34955 -8470
17239 -21428 12652 24365 35160 -8400
17380 -21552 12737 24455 35223 -8551
17428 -21704 12842 24582 35428 -8481
17569 -21828 12927 24672 35491 -8632
17617 -21980 13032 24799 35696 -8562
17758 -22104 13117 24889 35759 -8713
17806 -22256 13222 25016 35964 -8643
17947 -22380 13307 25106 36027 -8794
17995 -22532 13412 25233 36232 -8724
18136 -22656 13497 25323 36295 -8875
18184 -22808 13602 25450 36500 -8805
18325 -22932 13687 25540 36563 -8956
18373 -23084 13792 25667 36768 -8886
18514 -23208 13877 25757 36831 -9037
18562 -23360 13982 25884 37036 -8967
18703 -23484 14067 25974 37099 -9118
9286 -16538 13547 28758 24250 -3780
-5874 -9911 12567 30930 19546 15168
30898 -19328 -186 276 20694 -29957
29541 -24154 5285 13940 28121 -26622
19129 -24188 14552 26535 37840 -9210
19270 -24312 14637 26625 37903 -9361
17910 -22544 19862 27904 33500 -9291
14094 -23195 24515 24017 29503 -6114
10834 -28448 29488 18040 23688 -3382
13797 -30727 27483 14298 16250 -4296
16505 -34467 24190 11887 10703 -6529
16653 -34559 24244 11975 10803 -6663
16694 -34743 24380 12104 10971 -6610
16842 -34835 24434 12192 11071 -6744
16883 -35019 24570 12321 11239 -6691
17031 -35111 24624 12409 11339 -6825
17072 -35295 24760 12538 11507 -6772
17220 -35387 24814 12626 11607 -6906
17261 -35571 24950 12755 11775 -6853
17409 -35663 25004 12843 11875 -6987
17450 -35847 25140 12972 12043 -6934
17598 -35939 25194 13060 12143 -7068
17639 -36123 25330 13189 12311 -7015
17787 -36215 25384 13277 12411 -7149
17828 -36399 25520 13406 12579 -7096
17976 -36491 25574 13494 12679 -7230
18017 -36675 25710 13623 12847 -7177
18165 -36767 25764 13711 12947 -7311
8791 -30989 19693 15779 2989 -1066
-4575 -23061 13736 22570 2088 17273
26523 -25472 15084 -9227 7854 -28265
27792 -33447 19277 2509 8368 -25105
18584 -37503 26280 14274 13651 -7420
18732 -37595 26334 14362 13751 -7554
13781 -32659 27238 14235 8543 -8909
9616 -28567 25494 12661 3181 -2248
8372 -27976 25266 9857 918 1453
5719 -31665 26199 4965 -2036 1610
9863 -36032 22121 -511 -710 -4774
9972 -36132 22198 -406 -625 -4821
10052 -36308 22311 -294 -442 -4855
10161 -36408 22388 -189 -357 -4902
10241 -36584 22501 -77 -174 -4936
10350 -36684 22578 28 -89 -4983
10430 -36860 22691 140 94 -5017
10539 -36960 22768 245 179 -5064
10619 -37136 22881 357 362 -5098
10728 -37236 22958 462 447 -5145
10808 -37412 23071 574 630 -5179
10917 -37512 23148 679 715 -5226
10997 -37688 23261 791 898 -5260
11106 -37788 23338 896 983 -5307
11186 -37964 23451 1008 1166 -5341
11295 -38064 23528 1113 1251 -5388
11375 -38240 23641 1225 1434 -5422
11484 -38340 23718 1330 1519 -5469
5783 -36890 16394 4071 -4728 3021
-5479 -32412 11880 13185 -476 17354
20231 -17829 14404 -14652 -3567 -23528
18503 -30395 20288 -5992 -5519 -19489
11942 -39068 24211 1876 2238 -5665
12051 -39168 24288 1981 2323 -5712
9443 -35120 22353 1581 -1846 -2674
4581 -25525 22190 5530 -1599 5319
4167 -16016 18833 8680 -4011 4350
5542 -11669 14727 4955 -6687 3325
9338 -10951 11120 223 -9993 -1739
9414 -11056 11234 346 -9848 -1709
9527 -11227 11310 440 -9725 -1820
9603 -11332 11424 563 -9580 -1790
9716 -11503 11500 657 -9457 -1901
9792 -11608 11614 780 -9312 -1871
9905 -11779 11690 874 -9189 -1982
9981 -11884 11804 997 -9044 -1952
10094 -12055 11880 1091 -8921 -2063
10170 -12160 11994 1214 -8776 -2033
10283 -12331 12070 1308 -8653 -2144
10359 -12436 12184 1431 -8508 -2114
10472 -12607 12260 1525 -8385 -2225
10548 -12712 12374 1648 -8240 -2195
10661 -12883 12450 1742 -8117 -2306
10737 -12988 12564 1865 -7972 -2276
10850 -13159 12640 1959 -7849 -2387
10926 -13264 12754 2082 -7704 -2357
6588 -15249 6979 5751 -11339 3908
-1906 -19729 2364 11683 -7483 12980
16376 3339 9360 -8856 -8504 -17649
15718 -5774 11873 -2122 -12629 -14000
11417 -13987 13210 2610 -7045 -2630
11493 -14092 13324 2733 -6900 -2600
12246 -16183 9816 4747 -7161 1897
9117 -18065 4710 8055 -4709 4963
6956 -10941 5183 11979 1025 4992
6636 -1758 6049 10546 4987 3601
7276 2918 6647 9392 3055 -2246
7333 2792 6747 9493 3223 -2195
7465 2642 6837 9609 3323 -2327
7522 2516 6937 9710 3491 -2276
7654 2366 7027 9826 3591 -2408
7711 2240 7127 9927 3759 -2357
7843 2090 7217 10043 3859 -2489
7900 1964 7317 10144 4027 -2438
8032 1814 7407 10260 4127 -2570
8089 1688 7507 10361 4295 -2519
8221 1538 7597 10477 4395 -2651
8278 1412 7697 10578 4563 -2600
8410 1262 7787 10694 4663 -2732
8467 1136 7887 10795 4831 -2681
8599 986 7977 10911 4931 -2813
8656 860 8077 11012 5099 -2762
8788 710 8167 11128 5199 -2894
8845 584 8267 11229 5367 -2843
2528 1324 5628 13434 413 -283
-4950 -658 5841 16803 1691 8476
15835 4501 1667 -495 878 -14163
14585 3682 5744 6587 1158 -11347
9355 -118 8737 11779 6003 -3137
9412 -244 8837 11880 6171 -3086
5576 -2570 4447 13660 5631 -1042
2336 -7543 3814 18228 10284 2448
2847 -12024 3619 15890 16872 2818
3802 -11113 934 12832 21253 443
6229 -5268 1527 11652 19411 -3772
6277 -5420 1632 11779 19616 -3702
6418 -5544 1717 11869 19679 -3853
6466 -5696 1822 11996 19884 -3783
6607 -5820 1907 12086 19947 -3934
6655 -5972 2012 12213 20152 -3864
6796 -6096 2097 12303 20215 -4015
6844 -6248 2202 12430 20420 -3945
6985 -6372 2287 12520 20483 -4096
7033 -6524 2392 12647 20688 -4026
7174 -6648 2477 12737 20751 -4177
7222 -6800 2582 12864 20956 -4107
7363 -6924 2667 12954 21019 -4258
7411 -7076 2772 13081 21224 -4188
7552 -7200 2857 13171 21287 -4339
7600 -7352 2962 13298 21492 -4269
7741 -7476 3047 13388 21555 -4420
7789 -7628 3152 13515 21760 -4350
4091 -3902 4526 14464 15729 -3061
-2269 -321 5099 14036 12265 4980
13247 -9289 -3117 2608 13059 -12344
12699 -10065 -1013 8435 18140 -11366
8308 -8304 3617 14039 22359 -4663
8356 -8456 3722 14166 22564 -4593
8497 -8580 3807 14256 22627 -4744
8545 -8732 3912 14383 22832 -4674
8686 -8856 3997 14473 22895 -4825
8734 -9008 4102 14600 23100 -4755
8875 -9132 4187 14690 23163 -4906
8923 -9284 4292 14817 23368 -4836
9064 -9408 4377 14907 23431 -4987
9112 -9560 4482 15034 23636 -4917
9253 -9684 4567 15124 23699 -5068
9301 -9836 4672 15251 23904 -4998
9442 -9960 4757 15341 23967 -5149
9490 -10112 4862 15468 24172 -5079
9631 -10236 4947 15558 24235 -5230
9679 -10388 5052 15685 24440 -5160
9820 -10512 5137 15775 24503 -5311
9868 -10664 5242 15902 24708 -5241
10009 -10788 5327 15992 24771 -5392
10057 -10940 5432 16119 24976 -5322
10198 -11064 5517 16209 25039 -5473
10246 -11216 5622 16336 25244 -5403
10387 -11340 5707 16426 25307 -5554
10435 -11492 5812 16553 25512 -5484
5379 -6982 6724 17936 17801 -3271
-3151 -2659 6919 18152 14043 7472
17545 -11725 -2403 2034 14907 -16642
16801 -13495 513 9765 20576 -15076
10954 -12168 6277 17077 26111 -5797
11002 -12320 6382 17204 26316 -5727
11143 -12444 6467 17294 26379 -5878
11191 -12596 6572 17421 26584 -5808
11332 -12720 6657 17511 26647 -5959
11380 -12872 6762 17638 26852 -5889
11521 -12996 6847 17728 26915 -6040
11569 -13148 6952 17855 27120 -5970
11710 -13272 7037 17945 27183 -6121
11758 -13424 7142 18072 27388 -6051
11899 -13548 7227 18162 27451 -6202
11947 -13700 7332 18289 27656 -6132
12088 -13824 7417 18379 27719 -6283
12136 -13976 7522 18506 27924 -6213
12277 -14100 7607 18596 27987 -6364
12325 -14252 7712 18723 28192 -6294
12466 -14376 7797 18813 28255 -6445
12514 -14528 7902 18940 28460 -6375
12655 -14652 7987 19030 28523 -6526
12703 -14804 8092 19157 28728 -6456
12844 -14928 8177 19247 28791 -6607
12892 -15080 8282 19374 28996 -6537
13033 -15204 8367 19464 29059 -6688
13081 -15356 8472 19591 29264 -6618
6667 -10062 8922 21408 19873 -3481
-4033 -4997 8739 22268 15821 9964
21843 -14161 -1689 1460 16755 -20940
20903 -16925 2039 11095 23012 -18786
13600 -16032 8937 20115 29863 -6931
13648 -16184 9042 20242 30068 -6861
13789 -16308 9127 20332 30131 -7012
13837 -16460 9232 20459 30336 -6942
13978 -16584 9317 20549 30399 -7093
14026 -16736 9422 20676 30604 -7023
14167 -16860 9507 20766 30667 -7174
14215 -17012 9612 20893 30872 -7104
14356 -17136 9697 20983 30935 -7255
14404 -17288 9802 21110 31140 -7185
14545 -17412 9887 21200 31203 -7336
14593 -17564 9992 21327 31408 -7266
14734 -17688 10077 21417 31471 -7417
14782 -17840 10182 21544 31676 -7347
14923 -17964 10267 21634 31739 -7498
14971 -18116 10372 21761 31944 -7428
15112 -18240 10457 21851 32007 -7579
15160 -18392 10562 21978 32212 -7509
15301 -18516 10647 22068 32275 -7660
15349 -18668 10752 22195 32480 -7590
15490 -18792 10837 22285 32543 -7741
15538 -18944 10942 22412 32748 -7671
15679 -19068 11027 22502 32811 -7822
15727 -19220 11132 22629 33016 -7752
7955 -13142 11120 24880 21945 -3691
-4915 -7335 10559 26384 17599 12456
26141 -16597 -975 886 18603 -25238
25005 -20355 3565 12425 25448 -22496
16246 -19896 11597 23153 33615 -8065
16294 -20048 11702 23280 33820 -7995
16435 -20172 11787 23370 33883 -8146
16483 -20324 11892 23497 34088 -8076
16624 -20448 11977 23587 34151 -8227
16672 -20600 12082 23714 34356 -8157
16813 -20724 12167 23804 34419 -8308
16861 -20876 12272 23931 34624 -8238
17002 -21000 12357 24021 34687 -8389
17050 -21152 12462 24148 34892 -8319
17191 -21276 12547 24238 34955 -8470
17239 -21428 12652 24365 35160 -8400
17380 -21552 12737 24455 35223 -8551
17428 -21704 12842 24582 35428 -8481
17569 -21828 12927 24672 35491 -8632
17617 -21980 13032 24799 35696 -8562
17758 -22104 13117 24889 35759 -8713
17806 -22256 13222 25016 35964 -8643
17947 -22380 13307 25106 36027 -8794
17995 -22532 13412 25233 36232 -8724
18136 -22656 13497 25323 36295 -8875
18184 -22808 13602 25450 36500 -8805
18325 -22932 13687 25540 36563 -8956
18373 -23084 13792 25667 36768 -8886
9243 -16222 13318 28352 24017 -3901
-5797 -9673 12379 30500 19377 14948
30439 -19033 -261 312 20451 -29536
29107 -23785 5091 13755 27884 -26206
18892 -23760 14257 26191 37367 -9199
18940 -23912 14362 26318 37572 -9129
19081 -24036 14447 26408 37635 -9280
19129 -24188 14552 26535 37840 -9210
19270 -24312 14637 26625 37903 -9361
17910 -22544 19862 27904 33500 -9291
14094 -23195 24515 24017 29503 -6114
10834 -28448 29488 18040 23688 -3382
13797 -30727 27483 14298 16250 -4296
16505 -34467 24190 11887 10703 -6529
16653 -34559 24244 11975 10803 -6663
16694 -34743 24380 12104 10971 -6610
16842 -34835 24434 12192 11071 -6744
16883 -35019 24570 12321 11239 -6691
17031 -35111 24624 12409 11339 -6825
17072 -35295 24760 12538 11507 -6772
17220 -35387 24814 12626 11607 -6906
17261 -35571 24950 12755 11775 -6853
17409 -35663 25004 12843 11875 -6987
17450 -35847 25140 12972 12043 -6934
17598 -35939 25194 13060 12143 -7068
17639 -36123 25330 13189 12311 -7015
17787 -36215 25384 13277 12411 -7149
17828 -36399 25520 13406 12579 -7096
8744 -30626 19473 15380 2757 -1170
-4525 -22874 13575 22102 1886 17062
25379 -25431 16147 -9874 6476 -27369
26828 -33531 20197 1324 6331 -24252
18025 -37797 26818 12667 10874 -7115
18057 -38002 26974 12735 10951 -7042
18189 -38147 27079 12764 10923 -7173
18221 -38352 27235 12832 11000 -7100
18353 -38497 27340 12861 10972 -7231
13393 -33582 28264 12673 5673 -8566
9212 -29543 26571 11040 183 -1902
7959 -28973 26363 8175 -2171 1819
5290 -32715 27347 3224 -5253 1979
9425 -37103 23289 -2313 -4018 -4385
9518 -37256 23417 -2267 -4061 -4429
9589 -37453 23550 -2216 -3969 -4443
9682 -37606 23678 -2170 -4012 -4487
9753 -37803 23811 -2119 -3920 -4501
9846 -37956 23939 -2073 -3963 -4545
9917 -38153 24072 -2022 -3871 -4559
10010 -38306 24200 -1976 -3914 -4603
10081 -38503 24333 -1925 -3822 -4617
10174 -38656 24461 -1879 -3865 -4661
10245 -38853 24594 -1828 -3773 -4675
10338 -39006 24722 -1782 -3816 -4719
10409 -39203 24855 -1731 -3724 -4733
10502 -39356 24983 -1685 -3767 -4777
10573 -39553 25116 -1634 -3675 -4791
5293 -38497 16959 770 -9122 3546
-5015 -34151 11588 10455 -4092 17069
17281 -17377 16942 -16649 -7619 -21240
15779 -30499 22542 -9335 -11351 -17327
10142 -40107 25391 -2644 -4956 -4661
10157 -40299 25517 -2645 -4931 -4620
10233 -40439 25615 -2668 -5026 -4696
10248 -40631 25741 -2669 -5001 -4655
10324 -40771 25839 -2692 -5096 -4731
7651 -36739 23917 -3205 -9423 -1618
2756 -27184 23775 616 -9356 6346
2277 -17691 20431 3653 -11926 5452
3619 -13384 16346 -200 -14782 4398
7350 -12682 12752 -5045 -18246 -591
7393 -12827 12887 -5050 -18281 -590
7441 -13014 12976 -5069 -18316 -626
7484 -13159 13111 -5074 -18351 -625
7532 -13346 13200 -5093 -18386 -661
7575 -13491 13335 -5098 -18421 -660
7623 -13678 13424 -5117 -18456 -696
7666 -13823 13559 -5122 -18491 -695
7714 -14010 13648 -5141 -18526 -731
7757 -14155 13783 -5146 -18561 -730
7805 -14342 13872 -5165 -18596 -766
7848 -14487 14007 -5170 -18631 -765
7896 -14674 14096 -5189 -18666 -801
7939 -14819 14231 -5194 -18701 -800
7987 -15006 14320 -5213 -18736 -836
5056 -18519 7036 -1996 -20025 5686
-1221 -23842 1345 5203 -14029 12228
# Shape: 28x28, Channels: 6
# Format: Each line is one pixel location. Columns are Channels 0 to 5
