779 3824 0 3875 4320 0
582 4562 0 5305 6506 0
0 5713 697 6594 7819 0
0 5637 748 6740 8080 0
0 5542 770 6853 8259 0
0 5466 821 6999 8520 0
0 5371 843 7112 8699 0
0 5295 894 7258 8960 0
9 5200 916 7371 9139 0
38 5124 967 7517 9400 0
132 5029 989 7630 9579 0
161 4953 1040 7776 9840 0
255 4858 1062 7889 10019 0
284 4782 1113 8035 10280 0
378 4687 1135 8148 10459 0
407 4611 1186 8294 10720 0
501 4516 1208 8407 10899 0
530 4440 1259 8553 11160 0
624 4345 1281 8666 11339 0
653 4269 1332 8812 11600 0
747 4174 1354 8925 11779 0
776 4098 1405 9071 12040 0
870 4003 1427 9184 12219 0
899 3927 1478 9330 12480 0
993 3832 1500 9443 12659 0
1022 3756 1551 9589 12920 0
0 5873 3197 9968 9935 0
0 7705 4370 8871 7550 1020
3809 563 0 4647 8113 0
3485 1399 0 7418 11728 0
1423 3247 1848 10122 13875 0
1461 3091 1920 10233 14111 0
1583 2937 1977 10333 14242 0
1621 2781 2049 10444 14478 0
1743 2627 2106 10544 14609 0
1781 2471 2178 10655 14845 0
1903 2317 2235 10755 14976 0
1941 2161 2307 10866 15212 0
2063 2007 2364 10966 15343 0
2101 1851 2436 11077 15579 0
2223 1697 2493 11177 15710 0
2261 1541 2565 11288 15946 0
2383 1387 2622 11388 16077 0
2421 1231 2694 11499 16313 0
2543 1077 2751 11599 16444 0
2581 921 2823 11710 16680 0
2703 767 2880 11810 16811 0
2741 611 2952 11921 17047 0
2863 457 3009 12021 17178 0
2901 301 3081 12132 17414 0
3023 147 3138 12232 17545 0
3061 0 3210 12343 17781 0
3183 0 3267 12443 17912 0
3221 0 3339 12554 18148 0
571 2761 5048 13172 13505 0
0 5772 5920 12209 10308 2798
7408 0 0 4431 11065 0
7014 0 21 8762 15684 0
3767 0 3760 13024 18869 0
3815 0 3865 13151 19074 0
3956 0 3950 13241 19137 0
4004 0 4055 13368 19342 0
4145 0 4140 13458 19405 0
4193 0 4245 13585 19610 0
4334 0 4330 13675 19673 0
4382 0 4435 13802 19878 0
4523 0 4520 13892 19941 0
4571 0 4625 14019 20146 0
4712 0 4710 14109 20209 0
4760 0 4815 14236 20414 0
4901 0 4900 14326 20477 0
4949 0 5005 14453 20682 0
5090 0 5090 14543 20745 0
5138 0 5195 14670 20950 0
5279 0 5280 14760 21013 0
5327 0 5385 14887 21218 0
5468 0 5470 14977 21281 0
5516 0 5575 15104 21486 0
5657 0 5660 15194 21549 0
5705 0 5765 15321 21754 0
5846 0 5850 15411 21817 0
5894 0 5955 15538 22022 0
1905 0 7230 16580 15631 0
0 3489 7722 16290 12104 5239
11706 0 0 3857 12913 0
11116 0 1547 10092 18120 0
6413 0 6420 16062 22621 0
6461 0 6525 16189 22826 0
6602 0 6610 16279 22889 0
6650 0 6715 16406 23094 0
6791 0 6800 16496 23157 0
6839 0 6905 16623 23362 0
6980 0 6990 16713 23425 0
7028 0 7095 16840 23630 0
7169 0 7180 16930 23693 0
7217 0 7285 17057 23898 0
7358 0 7370 17147 23961 0
7406 0 7475 17274 24166 0
7547 0 7560 17364 24229 0
7595 0 7665 17491 24434 0
7736 0 7750 17581 24497 0
7784 0 7855 17708 24702 0
7925 0 7940 17798 24765 0
7973 0 8045 17925 24970 0
8114 0 8130 18015 25033 0
8162 0 8235 18142 25238 0
8303 0 8320 18232 25301 0
8351 0 8425 18359 25506 0
8492 0 8510 18449 25569 0
8540 0 8615 18576 25774 0
3193 0 9428 20052 17703 0
0 1151 9542 20406 13882 7731
16004 0 0 3283 14761 0
15218 0 3073 11422 20556 0
9059 0 9080 19100 26373 0
9107 0 9185 19227 26578 0
9248 0 9270 19317 26641 0
9296 0 9375 19444 26846 0
9437 0 9460 19534 26909 0
9485 0 9565 19661 27114 0
9626 0 9650 19751 27177 0
9674 0 9755 19878 27382 0
9815 0 9840 19968 27445 0
9863 0 9945 20095 27650 0
10004 0 10030 20185 27713 0
10052 0 10135 20312 27918 0
10193 0 10220 20402 27981 0
10241 0 10325 20529 28186 0
10382 0 10410 20619 28249 0
10430 0 10515 20746 28454 0
10571 0 10600 20836 28517 0
10619 0 10705 20963 28722 0
10760 0 10790 21053 28785 0
10808 0 10895 21180 28990 0
10949 0 10980 21270 29053 0
10997 0 11085 21397 29258 0
11138 0 11170 21487 29321 0
11186 0 11275 21614 29526 0
4481 0 11626 23524 19775 0
0 0 11362 24522 15660 10223
20302 0 697 2709 16609 0
19320 0 4599 12752 22992 0
11705 0 11740 22138 30125 0
11753 0 11845 22265 30330 0
11894 0 11930 22355 30393 0
11942 0 12035 22482 30598 0
12083 0 12120 22572 30661 0
12131 0 12225 22699 30866 0
12272 0 12310 22789 30929 0
12320 0 12415 22916 31134 0
12461 0 12500 23006 31197 0
12509 0 12605 23133 31402 0
12650 0 12690 23223 31465 0
12698 0 12795 23350 31670 0
12839 0 12880 23440 31733 0
12887 0 12985 23567 31938 0
13028 0 13070 23657 32001 0
13076 0 13175 23784 32206 0
13217 0 13260 23874 32269 0
13265 0 13365 24001 32474 0
13406 0 13450 24091 32537 0
13454 0 13555 24218 32742 0
13595 0 13640 24308 32805 0
13643 0 13745 24435 33010 0
13784 0 13830 24525 33073 0
13832 0 13935 24652 33278 0
5769 0 13824 26996 21847 0
0 0 13182 28638 17438 12715
24600 0 1411 2135 18457 0
23422 0 6125 14082 25428 0
14351 0 14400 25176 33877 0
14399 0 14505 25303 34082 0
14540 0 14590 25393 34145 0
14588 0 14695 25520 34350 0
14729 0 14780 25610 34413 0
14777 0 14885 25737 34618 0
14918 0 14970 25827 34681 0
14966 0 15075 25954 34886 0
15107 0 15160 26044 34949 0
15155 0 15265 26171 35154 0
15296 0 15350 26261 35217 0
15344 0 15455 26388 35422 0
15485 0 15540 26478 35485 0
15533 0 15645 26605 35690 0
15674 0 15730 26695 35753 0
15722 0 15835 26822 35958 0
15863 0 15920 26912 36021 0
15911 0 16025 27039 36226 0
16052 0 16110 27129 36289 0
16100 0 16215 27256 36494 0
16241 0 16300 27346 36557 0
16289 0 16405 27473 36762 0
16430 0 16490 27563 36825 0
16478 0 16595 27690 37030 0
7057 0 16022 30468 23919 0
0 0 15002 32754 19216 15207
28898 0 2125 1561 20305 0
26116 0 12771 16564 23256 0
11632 0 26748 25389 28961 0
8372 0 31721 19412 23146 0
11335 0 29716 15670 15708 0
14043 0 26423 13259 10161 0
14191 0 26477 13347 10261 0
14232 0 26613 13476 10429 0
14380 0 26667 13564 10529 0
14421 0 26803 13693 10697 0
14569 0 26857 13781 10797 0
14610 0 26993 13910 10965 0
14758 0 27047 13998 11065 0
14799 0 27183 14127 11233 0
14947 0 27237 14215 11333 0
14988 0 27373 14344 11501 0
15136 0 27427 14432 11601 0
15177 0 27563 14561 11769 0
15325 0 27617 14649 11869 0
15366 0 27753 14778 12037 0
15514 0 27807 14866 12137 0
15555 0 27943 14995 12305 0
15703 0 27997 15083 12405 0
15744 0 28133 15212 12573 0
15892 0 28187 15300 12673 0
15933 0 28323 15429 12841 0
6558 0 22177 17496 2659 0
0 0 16198 24356 1725 17321
24529 0 17353 0 7516 0
20755 0 22469 3747 2743 0
7154 0 27727 14033 2639 0
5910 0 27499 11229 376 1178
3257 0 28432 6337 0 1335
7401 0 24354 861 0 0
7510 0 24431 966 0 0
7590 0 24544 1078 0 0
7699 0 24621 1183 0 0
7779 0 24734 1295 0 0
7888 0 24811 1400 0 0
7968 0 24924 1512 0 0
8077 0 25001 1617 0 0
8157 0 25114 1729 0 0
8266 0 25191 1834 0 0
8346 0 25304 1946 88 0
8455 0 25381 2051 173 0
8535 0 25494 2163 356 0
8644 0 25571 2268 441 0
8724 0 25684 2380 624 0
8833 0 25761 2485 709 0
8913 0 25874 2597 892 0
9022 0 25951 2702 977 0
9102 0 26064 2814 1160 0
9211 0 26141 2919 1245 0
9291 0 26254 3031 1428 0
3472 0 18907 5803 0 2673
0 0 14299 14943 0 17379
18252 0 16656 0 0 0
13777 0 20674 0 0 0
2119 0 24423 6902 0 5044
1705 0 21066 10052 0 4075
3080 0 16960 6327 0 3050
6876 0 13353 1595 0 0
6952 0 13467 1718 0 0
7065 0 13543 1812 0 0
7141 0 13657 1935 0 0
7254 0 13733 2029 0 0
7330 0 13847 2152 0 0
7443 0 13923 2246 0 0
7519 0 14037 2369 0 0
7632 0 14113 2463 0 0
7708 0 14227 2586 0 0
7821 0 14303 2680 0 0
7897 0 14417 2803 0 0
8010 0 14493 2897 0 0
8086 0 14607 3020 0 0
8199 0 14683 3114 0 0
8275 0 14797 3237 0 0
8388 0 14873 3331 0 0
8464 0 14987 3454 0 0
8577 0 15063 3548 0 0
8653 0 15177 3671 0 0
8766 0 15253 3765 0 0
4223 0 9513 7497 0 3661
0 0 4760 13457 0 12967
14383 7398 11653 0 0 0
14324 0 10715 1339 0 0
6655 0 6943 9427 0 4688
4494 0 7416 13351 483 4717
4174 2553 8282 11918 4445 3326
4814 7229 8880 10764 2513 0
4871 7103 8980 10865 2681 0
5003 6953 9070 10981 2781 0
5060 6827 9170 11082 2949 0
5192 6677 9260 11198 3049 0
5249 6551 9360 11299 3217 0
5381 6401 9450 11415 3317 0
5438 6275 9550 11516 3485 0
5570 6125 9640 11632 3585 0
5627 5999 9740 11733 3753 0
5759 5849 9830 11849 3853 0
5816 5723 9930 11950 4021 0
5948 5573 10020 12066 4121 0
6005 5447 10120 12167 4289 0
6137 5297 10210 12283 4389 0
6194 5171 10310 12384 4557 0
6326 5021 10400 12500 4657 0
6383 4895 10500 12601 4825 0
6515 4745 10590 12717 4925 0
6572 4619 10690 12818 5093 0
6704 4469 10780 12934 5193 0
149 5362 8120 15173 72 0
0 3410 8238 18609 1315 8430
13830 8504 3944 800 590 0
8598 5469 3700 9824 235 0
0 0 6047 19600 9742 2173
385 0 5852 17262 16330 2543
1340 0 3167 14204 20711 168
3767 0 3760 13024 18869 0
3815 0 3865 13151 19074 0
3956 0 3950 13241 19137 0
4004 0 4055 13368 19342 0
4145 0 4140 13458 19405 0
4193 0 4245 13585 19610 0
4334 0 4330 13675 19673 0
4382 0 4435 13802 19878 0
4523 0 4520 13892 19941 0
4571 0 4625 14019 20146 0
4712 0 4710 14109 20209 0
4760 0 4815 14236 20414 0
4901 0 4900 14326 20477 0
4949 0 5005 14453 20682 0
5090 0 5090 14543 20745 0
5138 0 5195 14670 20950 0
5279 0 5280 14760 21013 0
5327 0 5385 14887 21218 0
5468 0 5470 14977 21281 0
5516 0 5575 15104 21486 0
5657 0 5660 15194 21549 0
1672 93 6988 16242 15420 0
0 3752 7520 15838 11892 4925
11244 0 0 3944 12760 0
10671 0 1414 9992 17835 0
6083 0 6145 15755 22290 0
6224 0 6230 15845 22353 0
6272 0 6335 15972 22558 0
6413 0 6420 16062 22621 0
6461 0 6525 16189 22826 0
6602 0 6610 16279 22889 0
6650 0 6715 16406 23094 0
6791 0 6800 16496 23157 0
6839 0 6905 16623 23362 0
6980 0 6990 16713 23425 0
7028 0 7095 16840 23630 0
7169 0 7180 16930 23693 0
7217 0 7285 17057 23898 0
7358 0 7370 17147 23961 0
7406 0 7475 17274 24166 0
7547 0 7560 17364 24229 0
7595 0 7665 17491 24434 0
7736 0 7750 17581 24497 0
7784 0 7855 17708 24702 0
7925 0 7940 17798 24765 0
7973 0 8045 17925 24970 0
8114 0 8130 18015 25033 0
8162 0 8235 18142 25238 0
8303 0 8320 18232 25301 0
2960 0 9186 19714 17492 0
0 1414 9340 19954 13670 7417
15542 0 0 3370 14608 0
14773 0 2940 11322 20271 0
8729 0 8805 18793 26042 0
8870 0 8890 18883 26105 0
8918 0 8995 19010 26310 0
9059 0 9080 19100 26373 0
9107 0 9185 19227 26578 0
9248 0 9270 19317 26641 0
9296 0 9375 19444 26846 0
9437 0 9460 19534 26909 0
9485 0 9565 19661 27114 0
9626 0 9650 19751 27177 0
9674 0 9755 19878 27382 0
9815 0 9840 19968 27445 0
9863 0 9945 20095 27650 0
10004 0 10030 20185 27713 0
10052 0 10135 20312 27918 0
10193 0 10220 20402 27981 0
10241 0 10325 20529 28186 0
10382 0 10410 20619 28249 0
10430 0 10515 20746 28454 0
10571 0 10600 20836 28517 0
10619 0 10705 20963 28722 0
10760 0 10790 21053 28785 0
10808 0 10895 21180 28990 0
10949 0 10980 21270 29053 0
4248 0 11384 23186 19564 0
0 0 11160 24070 15448 9909
19840 0 619 2796 16456 0
18875 0 4466 12652 22707 0
11375 0 11465 21831 29794 0
11516 0 11550 21921 29857 0
11564 0 11655 22048 30062 0
11705 0 11740 22138 30125 0
11753 0 11845 22265 30330 0
11894 0 11930 22355 30393 0
11942 0 12035 22482 30598 0
12083 0 12120 22572 30661 0
12131 0 12225 22699 30866 0
12272 0 12310 22789 30929 0
12320 0 12415 22916 31134 0
12461 0 12500 23006 31197 0
12509 0 12605 23133 31402 0
12650 0 12690 23223 31465 0
12698 0 12795 23350 31670 0
12839 0 12880 23440 31733 0
12887 0 12985 23567 31938 0
13028 0 13070 23657 32001 0
13076 0 13175 23784 32206 0
13217 0 13260 23874 32269 0
13265 0 13365 24001 32474 0
13406 0 13450 24091 32537 0
13454 0 13555 24218 32742 0
13595 0 13640 24308 32805 0
5536 0 13582 26658 21636 0
0 0 12980 28186 17226 12401
24138 0 1333 2222 18304 0
22977 0 5992 13982 25143 0
14021 0 14125 24869 33546 0
14162 0 14210 24959 33609 0
14210 0 14315 25086 33814 0
14351 0 14400 25176 33877 0
14399 0 14505 25303 34082 0
14540 0 14590 25393 34145 0
14588 0 14695 25520 34350 0
14729 0 14780 25610 34413 0
14777 0 14885 25737 34618 0
14918 0 14970 25827 34681 0
14966 0 15075 25954 34886 0
15107 0 15160 26044 34949 0
15155 0 15265 26171 35154 0
15296 0 15350 26261 35217 0
15344 0 15455 26388 35422 0
15485 0 15540 26478 35485 0
15533 0 15645 26605 35690 0
15674 0 15730 26695 35753 0
15722 0 15835 26822 35958 0
15863 0 15920 26912 36021 0
15911 0 16025 27039 36226 0
16052 0 16110 27129 36289 0
16100 0 16215 27256 36494 0
16241 0 16300 27346 36557 0
6824 0 15780 30130 23708 0
0 0 14800 32302 19004 14893
28436 0 2047 1648 20152 0
27079 0 7518 15312 27579 0
16667 0 16785 27907 37298 0
16808 0 16870 27997 37361 0
15448 0 22095 29276 32958 0
11632 0 26748 25389 28961 0
8372 0 31721 19412 23146 0
11335 0 29716 15670 15708 0
14043 0 26423 13259 10161 0
14191 0 26477 13347 10261 0
14232 0 26613 13476 10429 0
14380 0 26667 13564 10529 0
14421 0 26803 13693 10697 0
14569 0 26857 13781 10797 0
14610 0 26993 13910 10965 0
14758 0 27047 13998 11065 0
14799 0 27183 14127 11233 0
14947 0 27237 14215 11333 0
14988 0 27373 14344 11501 0
15136 0 27427 14432 11601 0
15177 0 27563 14561 11769 0
15325 0 27617 14649 11869 0
15366 0 27753 14778 12037 0
15514 0 27807 14866 12137 0
15555 0 27943 14995 12305 0
15703 0 27997 15083 12405 0
6329 0 21926 17151 2447 0
0 0 15969 23942 1546 16998
24061 0 17317 0 7312 0
25330 0 21510 3881 7826 0
16122 0 28513 15646 13109 0
16270 0 28567 15734 13209 0
11319 0 29471 15607 8001 0
7154 0 27727 14033 2639 0
5910 0 27499 11229 376 1178
3257 0 28432 6337 0 1335
7401 0 24354 861 0 0
7510 0 24431 966 0 0
7590 0 24544 1078 0 0
7699 0 24621 1183 0 0
7779 0 24734 1295 0 0
7888 0 24811 1400 0 0
7968 0 24924 1512 0 0
8077 0 25001 1617 0 0
8157 0 25114 1729 0 0
8266 0 25191 1834 0 0
8346 0 25304 1946 88 0
8455 0 25381 2051 173 0
8535 0 25494 2163 356 0
8644 0 25571 2268 441 0
8724 0 25684 2380 624 0
8833 0 25761 2485 709 0
8913 0 25874 2597 892 0
9022 0 25951 2702 977 0
3321 0 18627 5443 0 2746
0 0 14113 14557 0 17079
17769 0 16637 0 0 0
16041 0 22521 0 0 0
9480 0 26444 3248 1696 0
9589 0 26521 3353 1781 0
6981 0 24586 2953 0 0
2119 0 24423 6902 0 5044
1705 0 21066 10052 0 4075
3080 0 16960 6327 0 3050
6876 0 13353 1595 0 0
6952 0 13467 1718 0 0
7065 0 13543 1812 0 0
7141 0 13657 1935 0 0
7254 0 13733 2029 0 0
7330 0 13847 2152 0 0
7443 0 13923 2246 0 0
7519 0 14037 2369 0 0
7632 0 14113 2463 0 0
7708 0 14227 2586 0 0
7821 0 14303 2680 0 0
7897 0 14417 2803 0 0
8010 0 14493 2897 0 0
8086 0 14607 3020 0 0
8199 0 14683 3114 0 0
8275 0 14797 3237 0 0
8388 0 14873 3331 0 0
8464 0 14987 3454 0 0
4126 0 9212 7123 0 3633
0 0 4597 13055 0 12705
13914 7650 11593 0 0 0
13256 0 14106 0 0 0
8955 0 15443 3982 0 0
9031 0 15557 4105 0 0
9784 0 12049 6119 0 1622
6655 0 6943 9427 0 4688
4494 0 7416 13351 483 4717
4174 2553 8282 11918 4445 3326
4814 7229 8880 10764 2513 0
4871 7103 8980 10865 2681 0
5003 6953 9070 10981 2781 0
5060 6827 9170 11082 2949 0
5192 6677 9260 11198 3049 0
5249 6551 9360 11299 3217 0
5381 6401 9450 11415 3317 0
5438 6275 9550 11516 3485 0
5570 6125 9640 11632 3585 0
5627 5999 9740 11733 3753 0
5759 5849 9830 11849 3853 0
5816 5723 9930 11950 4021 0
5948 5573 10020 12066 4121 0
6005 5447 10120 12167 4289 0
6137 5297 10210 12283 4389 0
6194 5171 10310 12384 4557 0
6326 5021 10400 12500 4657 0
6383 4895 10500 12601 4825 0
66 5635 7861 14806 0 0
0 3653 8074 18175 1149 8201
13373 8812 3900 877 336 0
12123 7993 7977 7959 616 0
6893 4193 10970 13151 5461 0
6950 4067 11070 13252 5629 0
3114 1741 6680 15032 5089 0
0 0 6047 19600 9742 2173
385 0 5852 17262 16330 2543
1340 0 3167 14204 20711 168
3767 0 3760 13024 18869 0
3815 0 3865 13151 19074 0
3956 0 3950 13241 19137 0
4004 0 4055 13368 19342 0
4145 0 4140 13458 19405 0
4193 0 4245 13585 19610 0
4334 0 4330 13675 19673 0
4382 0 4435 13802 19878 0
4523 0 4520 13892 19941 0
4571 0 4625 14019 20146 0
4712 0 4710 14109 20209 0
4760 0 4815 14236 20414 0
4901 0 4900 14326 20477 0
4949 0 5005 14453 20682 0
5090 0 5090 14543 20745 0
5138 0 5195 14670 20950 0
5279 0 5280 14760 21013 0
5327 0 5385 14887 21218 0
1629 409 6759 15836 15187 0
0 3990 7332 15408 11723 4705
10785 0 0 3980 12517 0
10237 0 1220 9807 17598 0
5846 0 5850 15411 21817 0
5894 0 5955 15538 22022 0
6035 0 6040 15628 22085 0
6083 0 6145 15755 22290 0
6224 0 6230 15845 22353 0
6272 0 6335 15972 22558 0
6413 0 6420 16062 22621 0
6461 0 6525 16189 22826 0
6602 0 6610 16279 22889 0
6650 0 6715 16406 23094 0
6791 0 6800 16496 23157 0
6839 0 6905 16623 23362 0
6980 0 6990 16713 23425 0
7028 0 7095 16840 23630 0
7169 0 7180 16930 23693 0
7217 0 7285 17057 23898 0
7358 0 7370 17147 23961 0
7406 0 7475 17274 24166 0
7547 0 7560 17364 24229 0
7595 0 7665 17491 24434 0
7736 0 7750 17581 24497 0
7784 0 7855 17708 24702 0
7925 0 7940 17798 24765 0
7973 0 8045 17925 24970 0
2917 0 8957 19308 17259 0
0 1652 9152 19524 13501 7197
15083 0 0 3406 14365 0
14339 0 2746 11137 20034 0
8492 0 8510 18449 25569 0
8540 0 8615 18576 25774 0
8681 0 8700 18666 25837 0
8729 0 8805 18793 26042 0
8870 0 8890 18883 26105 0
8918 0 8995 19010 26310 0
9059 0 9080 19100 26373 0
9107 0 9185 19227 26578 0
9248 0 9270 19317 26641 0
9296 0 9375 19444 26846 0
9437 0 9460 19534 26909 0
9485 0 9565 19661 27114 0
9626 0 9650 19751 27177 0
9674 0 9755 19878 27382 0
9815 0 9840 19968 27445 0
9863 0 9945 20095 27650 0
10004 0 10030 20185 27713 0
10052 0 10135 20312 27918 0
10193 0 10220 20402 27981 0
10241 0 10325 20529 28186 0
10382 0 10410 20619 28249 0
10430 0 10515 20746 28454 0
10571 0 10600 20836 28517 0
10619 0 10705 20963 28722 0
4205 0 11155 22780 19331 0
0 0 10972 23640 15279 9689
19381 0 544 2832 16213 0
18441 0 4272 12467 22470 0
11138 0 11170 21487 29321 0
11186 0 11275 21614 29526 0
11327 0 11360 21704 29589 0
11375 0 11465 21831 29794 0
11516 0 11550 21921 29857 0
11564 0 11655 22048 30062 0
11705 0 11740 22138 30125 0
11753 0 11845 22265 30330 0
11894 0 11930 22355 30393 0
11942 0 12035 22482 30598 0
12083 0 12120 22572 30661 0
12131 0 12225 22699 30866 0
12272 0 12310 22789 30929 0
12320 0 12415 22916 31134 0
12461 0 12500 23006 31197 0
12509 0 12605 23133 31402 0
12650 0 12690 23223 31465 0
12698 0 12795 23350 31670 0
12839 0 12880 23440 31733 0
12887 0 12985 23567 31938 0
13028 0 13070 23657 32001 0
13076 0 13175 23784 32206 0
13217 0 13260 23874 32269 0
13265 0 13365 24001 32474 0
5493 0 13353 26252 21403 0
0 0 12792 27756 17057 12181
23679 0 1258 2258 18061 0
22543 0 5798 13797 24906 0
13784 0 13830 24525 33073 0
13832 0 13935 24652 33278 0
13973 0 14020 24742 33341 0
14021 0 14125 24869 33546 0
14162 0 14210 24959 33609 0
14210 0 14315 25086 33814 0
14351 0 14400 25176 33877 0
14399 0 14505 25303 34082 0
14540 0 14590 25393 34145 0
14588 0 14695 25520 34350 0
14729 0 14780 25610 34413 0
14777 0 14885 25737 34618 0
14918 0 14970 25827 34681 0
14966 0 15075 25954 34886 0
15107 0 15160 26044 34949 0
15155 0 15265 26171 35154 0
15296 0 15350 26261 35217 0
15344 0 15455 26388 35422 0
15485 0 15540 26478 35485 0
15533 0 15645 26605 35690 0
15674 0 15730 26695 35753 0
15722 0 15835 26822 35958 0
15863 0 15920 26912 36021 0
15911 0 16025 27039 36226 0
6781 0 15551 29724 23475 0
0 0 14612 31872 18835 14673
27977 0 1972 1684 19909 0
26645 0 7324 15127 27342 0
16430 0 16490 27563 36825 0
16478 0 16595 27690 37030 0
16619 0 16680 27780 37093 0
16667 0 16785 27907 37298 0
16808 0 16870 27997 37361 0
15448 0 22095 29276 32958 0
11632 0 26748 25389 28961 0
8372 0 31721 19412 23146 0
11335 0 29716 15670 15708 0
14043 0 26423 13259 10161 0
14191 0 26477 13347 10261 0
14232 0 26613 13476 10429 0
14380 0 26667 13564 10529 0
14421 0 26803 13693 10697 0
14569 0 26857 13781 10797 0
14610 0 26993 13910 10965 0
14758 0 27047 13998 11065 0
14799 0 27183 14127 11233 0
14947 0 27237 14215 11333 0
14988 0 27373 14344 11501 0
15136 0 27427 14432 11601 0
15177 0 27563 14561 11769 0
15325 0 27617 14649 11869 0
15366 0 27753 14778 12037 0
6282 0 21706 16752 2215 0
0 0 15808 23474 1344 16787
22917 0 18380 0 5934 0
24366 0 22430 2696 5789 0
15563 0 29051 14039 10332 0
15595 0 29207 14107 10409 0
15727 0 29312 14136 10381 0
15759 0 29468 14204 10458 0
15891 0 29573 14233 10430 0
10931 0 30497 14045 5131 0
6750 0 28804 12412 0 0
5497 0 28596 9547 0 1544
2828 0 29580 4596 0 1704
6963 0 25522 0 0 0
7056 0 25650 0 0 0
7127 0 25783 0 0 0
7220 0 25911 0 0 0
7291 0 26044 0 0 0
7384 0 26172 0 0 0
7455 0 26305 0 0 0
7548 0 26433 0 0 0
7619 0 26566 0 0 0
7712 0 26694 0 0 0
7783 0 26827 0 0 0
7876 0 26955 0 0 0
7947 0 27088 0 0 0
8040 0 27216 0 0 0
8111 0 27349 0 0 0
2831 0 19192 2142 0 3271
0 0 13821 11827 0 16794
14819 0 19175 0 0 0
13317 0 24775 0 0 0
7680 0 27624 0 0 0
7695 0 27750 0 0 0
7771 0 27848 0 0 0
7786 0 27974 0 0 0
7862 0 28072 0 0 0
5189 0 26150 0 0 0
294 0 26008 1988 0 6071
0 0 22664 5025 0 5177
1157 0 18579 1172 0 4123
4888 0 14985 0 0 0
4931 0 15120 0 0 0
4979 0 15209 0 0 0
5022 0 15344 0 0 0
5070 0 15433 0 0 0
5113 0 15568 0 0 0
5161 0 15657 0 0 0
5204 0 15792 0 0 0
5252 0 15881 0 0 0
5295 0 16016 0 0 0
5343 0 16105 0 0 0
5386 0 16240 0 0 0
5434 0 16329 0 0 0
5477 0 16464 0 0 0
5525 0 16553 0 0 0
2594 0 9269 0 0 5411
0 0 3578 6575 0 11953
# Shape: 28x28, Channels: 6
# Format: Each line is one pixel location. Columns are Channels 0 to 5
