       3767        -957        3760       13024       18869       -4047 
       3815       -1109        3865       13151       19074       -3977 
       3956       -1233        3950       13241       19137       -4128 
       4004       -1385        4055       13368       19342       -4058 
       4145       -1509        4140       13458       19405       -4209 
       4193       -1661        4245       13585       19610       -4139 
       4334       -1785        4330       13675       19673       -4290 
       4382       -1937        4435       13802       19878       -4220 
       4523       -2061        4520       13892       19941       -4371 
       4571       -2213        4625       14019       20146       -4301 
       4712       -2337        4710       14109       20209       -4452 
       4760       -2489        4815       14236       20414       -4382 
       4901       -2613        4900       14326       20477       -4533 
       4949       -2765        5005       14453       20682       -4463 
       5090       -2889        5090       14543       20745       -4614 
       5138       -3041        5195       14670       20950       -4544 
       5279       -3165        5280       14760       21013       -4695 
       5327       -3317        5385       14887       21218       -4625 
       5468       -3441        5470       14977       21281       -4776 
       5516       -3593        5575       15104       21486       -4706 
       5657       -3717        5660       15194       21549       -4857 
       5705       -3869        5765       15321       21754       -4787 
       5846       -3993        5850       15411       21817       -4938 
       5894       -4145        5955       15538       22022       -4868 
       6413       -4821        6420       16062       22621       -5181 
       6461       -4973        6525       16189       22826       -5111 
       6602       -5097        6610       16279       22889       -5262 
       6650       -5249        6715       16406       23094       -5192 
       6791       -5373        6800       16496       23157       -5343 
       6839       -5525        6905       16623       23362       -5273 
       6980       -5649        6990       16713       23425       -5424 
       7028       -5801        7095       16840       23630       -5354 
       7169       -5925        7180       16930       23693       -5505 
       7217       -6077        7285       17057       23898       -5435 
       7358       -6201        7370       17147       23961       -5586 
       7406       -6353        7475       17274       24166       -5516 
       7547       -6477        7560       17364       24229       -5667 
       7595       -6629        7665       17491       24434       -5597 
       7736       -6753        7750       17581       24497       -5748 
       7784       -6905        7855       17708       24702       -5678 
       7925       -7029        7940       17798       24765       -5829 
       7973       -7181        8045       17925       24970       -5759 
       8114       -7305        8130       18015       25033       -5910 
       8162       -7457        8235       18142       25238       -5840 
       8303       -7581        8320       18232       25301       -5991 
       8351       -7733        8425       18359       25506       -5921 
       8492       -7857        8510       18449       25569       -6072 
       8540       -8009        8615       18576       25774       -6002 
       9059       -8685        9080       19100       26373       -6315 
       9107       -8837        9185       19227       26578       -6245 
       9248       -8961        9270       19317       26641       -6396 
       9296       -9113        9375       19444       26846       -6326 
       9437       -9237        9460       19534       26909       -6477 
       9485       -9389        9565       19661       27114       -6407 
       9626       -9513        9650       19751       27177       -6558 
       9674       -9665        9755       19878       27382       -6488 
       9815       -9789        9840       19968       27445       -6639 
       9863       -9941        9945       20095       27650       -6569 
      10004      -10065       10030       20185       27713       -6720 
      10052      -10217       10135       20312       27918       -6650 
      10193      -10341       10220       20402       27981       -6801 
      10241      -10493       10325       20529       28186       -6731 
      10382      -10617       10410       20619       28249       -6882 
      10430      -10769       10515       20746       28454       -6812 
      10571      -10893       10600       20836       28517       -6963 
      10619      -11045       10705       20963       28722       -6893 
      10760      -11169       10790       21053       28785       -7044 
      10808      -11321       10895       21180       28990       -6974 
      10949      -11445       10980       21270       29053       -7125 
      10997      -11597       11085       21397       29258       -7055 
      11138      -11721       11170       21487       29321       -7206 
      11186      -11873       11275       21614       29526       -7136 
      11705      -12549       11740       22138       30125       -7449 
      11753      -12701       11845       22265       30330       -7379 
      11894      -12825       11930       22355       30393       -7530 
      11942      -12977       12035       22482       30598       -7460 
      12083      -13101       12120       22572       30661       -7611 
      12131      -13253       12225       22699       30866       -7541 
      12272      -13377       12310       22789       30929       -7692 
      12320      -13529       12415       22916       31134       -7622 
      12461      -13653       12500       23006       31197       -7773 
      12509      -13805       12605       23133       31402       -7703 
      12650      -13929       12690       23223       31465       -7854 
      12698      -14081       12795       23350       31670       -7784 
      12839      -14205       12880       23440       31733       -7935 
      12887      -14357       12985       23567       31938       -7865 
      13028      -14481       13070       23657       32001       -8016 
      13076      -14633       13175       23784       32206       -7946 
      13217      -14757       13260       23874       32269       -8097 
      13265      -14909       13365       24001       32474       -8027 
      13406      -15033       13450       24091       32537       -8178 
      13454      -15185       13555       24218       32742       -8108 
      13595      -15309       13640       24308       32805       -8259 
      13643      -15461       13745       24435       33010       -8189 
      13784      -15585       13830       24525       33073       -8340 
      13832      -15737       13935       24652       33278       -8270 
      14351      -16413       14400       25176       33877       -8583 
      14399      -16565       14505       25303       34082       -8513 
      14540      -16689       14590       25393       34145       -8664 
      14588      -16841       14695       25520       34350       -8594 
      14729      -16965       14780       25610       34413       -8745 
      14777      -17117       14885       25737       34618       -8675 
      14918      -17241       14970       25827       34681       -8826 
      14966      -17393       15075       25954       34886       -8756 
      15107      -17517       15160       26044       34949       -8907 
      15155      -17669       15265       26171       35154       -8837 
      15296      -17793       15350       26261       35217       -8988 
      15344      -17945       15455       26388       35422       -8918 
      15485      -18069       15540       26478       35485       -9069 
      15533      -18221       15645       26605       35690       -8999 
      15674      -18345       15730       26695       35753       -9150 
      15722      -18497       15835       26822       35958       -9080 
      15863      -18621       15920       26912       36021       -9231 
      15911      -18773       16025       27039       36226       -9161 
      16052      -18897       16110       27129       36289       -9312 
      16100      -19049       16215       27256       36494       -9242 
      16241      -19173       16300       27346       36557       -9393 
      16289      -19325       16405       27473       36762       -9323 
      16430      -19449       16490       27563       36825       -9474 
      16478      -19601       16595       27690       37030       -9404 
      11632      -18884       26748       25389       28961       -6389 
       8372      -24137       31721       19412       23146       -3657 
      11335      -26416       29716       15670       15708       -4571 
      14043      -30156       26423       13259       10161       -6804 
      14191      -30248       26477       13347       10261       -6938 
      14232      -30432       26613       13476       10429       -6885 
      14380      -30524       26667       13564       10529       -7019 
      14421      -30708       26803       13693       10697       -6966 
      14569      -30800       26857       13781       10797       -7100 
      14610      -30984       26993       13910       10965       -7047 
      14758      -31076       27047       13998       11065       -7181 
      14799      -31260       27183       14127       11233       -7128 
      14947      -31352       27237       14215       11333       -7262 
      14988      -31536       27373       14344       11501       -7209 
      15136      -31628       27427       14432       11601       -7343 
      15177      -31812       27563       14561       11769       -7290 
      15325      -31904       27617       14649       11869       -7424 
      15366      -32088       27753       14778       12037       -7371 
      15514      -32180       27807       14866       12137       -7505 
      15555      -32364       27943       14995       12305       -7452 
      15703      -32456       27997       15083       12405       -7586 
      15744      -32640       28133       15212       12573       -7533 
      15892      -32732       28187       15300       12673       -7667 
      15933      -32916       28323       15429       12841       -7614 
       7154      -24256       27727       14033        2639       -2523 
       5910      -23665       27499       11229         376        1178 
       3257      -27354       28432        6337       -2578        1335 
       7401      -31721       24354         861       -1252       -5049 
       7510      -31821       24431         966       -1167       -5096 
       7590      -31997       24544        1078        -984       -5130 
       7699      -32097       24621        1183        -899       -5177 
       7779      -32273       24734        1295        -716       -5211 
       7888      -32373       24811        1400        -631       -5258 
       7968      -32549       24924        1512        -448       -5292 
       8077      -32649       25001        1617        -363       -5339 
       8157      -32825       25114        1729        -180       -5373 
       8266      -32925       25191        1834         -95       -5420 
       8346      -33101       25304        1946          88       -5454 
       8455      -33201       25381        2051         173       -5501 
       8535      -33377       25494        2163         356       -5535 
       8644      -33477       25571        2268         441       -5582 
       8724      -33653       25684        2380         624       -5616 
       8833      -33753       25761        2485         709       -5663 
       8913      -33929       25874        2597         892       -5697 
       9022      -34029       25951        2702         977       -5744 
       9102      -34205       26064        2814        1160       -5778 
       9211      -34305       26141        2919        1245       -5825 
       9291      -34481       26254        3031        1428       -5859 
       2119      -21214       24423        6902       -2141        5044 
       1705      -11705       21066       10052       -4553        4075 
       3080       -7358       16960        6327       -7229        3050 
       6876       -6640       13353        1595      -10535       -2014 
       6952       -6745       13467        1718      -10390       -1984 
       7065       -6916       13543        1812      -10267       -2095 
       7141       -7021       13657        1935      -10122       -2065 
       7254       -7192       13733        2029       -9999       -2176 
       7330       -7297       13847        2152       -9854       -2146 
       7443       -7468       13923        2246       -9731       -2257 
       7519       -7573       14037        2369       -9586       -2227 
       7632       -7744       14113        2463       -9463       -2338 
       7708       -7849       14227        2586       -9318       -2308 
       7821       -8020       14303        2680       -9195       -2419 
       7897       -8125       14417        2803       -9050       -2389 
       8010       -8296       14493        2897       -8927       -2500 
       8086       -8401       14607        3020       -8782       -2470 
       8199       -8572       14683        3114       -8659       -2581 
       8275       -8677       14797        3237       -8514       -2551 
       8388       -8848       14873        3331       -8391       -2662 
       8464       -8953       14987        3454       -8246       -2632 
       8577       -9124       15063        3548       -8123       -2743 
       8653       -9229       15177        3671       -7978       -2713 
       8766       -9400       15253        3765       -7855       -2824 
       6655      -13754        6943        9427       -5251        4688 
       4494       -6630        7416       13351         483        4717 
       4174        2553        8282       11918        4445        3326 
       4814        7229        8880       10764        2513       -2521 
       4871        7103        8980       10865        2681       -2470 
       5003        6953        9070       10981        2781       -2602 
       5060        6827        9170       11082        2949       -2551 
       5192        6677        9260       11198        3049       -2683 
       5249        6551        9360       11299        3217       -2632 
       5381        6401        9450       11415        3317       -2764 
       5438        6275        9550       11516        3485       -2713 
       5570        6125        9640       11632        3585       -2845 
       5627        5999        9740       11733        3753       -2794 
       5759        5849        9830       11849        3853       -2926 
       5816        5723        9930       11950        4021       -2875 
       5948        5573       10020       12066        4121       -3007 
       6005        5447       10120       12167        4289       -2956 
       6137        5297       10210       12283        4389       -3088 
       6194        5171       10310       12384        4557       -3037 
       6326        5021       10400       12500        4657       -3169 
       6383        4895       10500       12601        4825       -3118 
       6515        4745       10590       12717        4925       -3250 
       6572        4619       10690       12818        5093       -3199 
       6704        4469       10780       12934        5193       -3331 
       -126       -3232        6047       19600        9742        2173 
        385       -7713        5852       17262       16330        2543 
       1340       -6802        3167       14204       20711         168 
       3767        -957        3760       13024       18869       -4047 
       3815       -1109        3865       13151       19074       -3977 
       3956       -1233        3950       13241       19137       -4128 
       4004       -1385        4055       13368       19342       -4058 
       4145       -1509        4140       13458       19405       -4209 
       4193       -1661        4245       13585       19610       -4139 
       4334       -1785        4330       13675       19673       -4290 
       4382       -1937        4435       13802       19878       -4220 
       4523       -2061        4520       13892       19941       -4371 
       4571       -2213        4625       14019       20146       -4301 
       4712       -2337        4710       14109       20209       -4452 
       4760       -2489        4815       14236       20414       -4382 
       4901       -2613        4900       14326       20477       -4533 
       4949       -2765        5005       14453       20682       -4463 
       5090       -2889        5090       14543       20745       -4614 
       5138       -3041        5195       14670       20950       -4544 
       5279       -3165        5280       14760       21013       -4695 
       5327       -3317        5385       14887       21218       -4625 
       5468       -3441        5470       14977       21281       -4776 
       5516       -3593        5575       15104       21486       -4706 
       5657       -3717        5660       15194       21549       -4857 
       6083       -4421        6145       15755       22290       -4949 
       6224       -4545        6230       15845       22353       -5100 
       6272       -4697        6335       15972       22558       -5030 
       6413       -4821        6420       16062       22621       -5181 
       6461       -4973        6525       16189       22826       -5111 
       6602       -5097        6610       16279       22889       -5262 
       6650       -5249        6715       16406       23094       -5192 
       6791       -5373        6800       16496       23157       -5343 
       6839       -5525        6905       16623       23362       -5273 
       6980       -5649        6990       16713       23425       -5424 
       7028       -5801        7095       16840       23630       -5354 
       7169       -5925        7180       16930       23693       -5505 
       7217       -6077        7285       17057       23898       -5435 
       7358       -6201        7370       17147       23961       -5586 
       7406       -6353        7475       17274       24166       -5516 
       7547       -6477        7560       17364       24229       -5667 
       7595       -6629        7665       17491       24434       -5597 
       7736       -6753        7750       17581       24497       -5748 
       7784       -6905        7855       17708       24702       -5678 
       7925       -7029        7940       17798       24765       -5829 
       7973       -7181        8045       17925       24970       -5759 
       8114       -7305        8130       18015       25033       -5910 
       8162       -7457        8235       18142       25238       -5840 
       8303       -7581        8320       18232       25301       -5991 
       8729       -8285        8805       18793       26042       -6083 
       8870       -8409        8890       18883       26105       -6234 
       8918       -8561        8995       19010       26310       -6164 
       9059       -8685        9080       19100       26373       -6315 
       9107       -8837        9185       19227       26578       -6245 
       9248       -8961        9270       19317       26641       -6396 
       9296       -9113        9375       19444       26846       -6326 
       9437       -9237        9460       19534       26909       -6477 
       9485       -9389        9565       19661       27114       -6407 
       9626       -9513        9650       19751       27177       -6558 
       9674       -9665        9755       19878       27382       -6488 
       9815       -9789        9840       19968       27445       -6639 
       9863       -9941        9945       20095       27650       -6569 
      10004      -10065       10030       20185       27713       -6720 
      10052      -10217       10135       20312       27918       -6650 
      10193      -10341       10220       20402       27981       -6801 
      10241      -10493       10325       20529       28186       -6731 
      10382      -10617       10410       20619       28249       -6882 
      10430      -10769       10515       20746       28454       -6812 
      10571      -10893       10600       20836       28517       -6963 
      10619      -11045       10705       20963       28722       -6893 
      10760      -11169       10790       21053       28785       -7044 
      10808      -11321       10895       21180       28990       -6974 
      10949      -11445       10980       21270       29053       -7125 
      11375      -12149       11465       21831       29794       -7217 
      11516      -12273       11550       21921       29857       -7368 
      11564      -12425       11655       22048       30062       -7298 
      11705      -12549       11740       22138       30125       -7449 
      11753      -12701       11845       22265       30330       -7379 
      11894      -12825       11930       22355       30393       -7530 
      11942      -12977       12035       22482       30598       -7460 
      12083      -13101       12120       22572       30661       -7611 
      12131      -13253       12225       22699       30866       -7541 
      12272      -13377       12310       22789       30929       -7692 
      12320      -13529       12415       22916       31134       -7622 
      12461      -13653       12500       23006       31197       -7773 
      12509      -13805       12605       23133       31402       -7703 
      12650      -13929       12690       23223       31465       -7854 
      12698      -14081       12795       23350       31670       -7784 
      12839      -14205       12880       23440       31733       -7935 
      12887      -14357       12985       23567       31938       -7865 
      13028      -14481       13070       23657       32001       -8016 
      13076      -14633       13175       23784       32206       -7946 
      13217      -14757       13260       23874       32269       -8097 
      13265      -14909       13365       24001       32474       -8027 
      13406      -15033       13450       24091       32537       -8178 
      13454      -15185       13555       24218       32742       -8108 
      13595      -15309       13640       24308       32805       -8259 
      14021      -16013       14125       24869       33546       -8351 
      14162      -16137       14210       24959       33609       -8502 
      14210      -16289       14315       25086       33814       -8432 
      14351      -16413       14400       25176       33877       -8583 
      14399      -16565       14505       25303       34082       -8513 
      14540      -16689       14590       25393       34145       -8664 
      14588      -16841       14695       25520       34350       -8594 
      14729      -16965       14780       25610       34413       -8745 
      14777      -17117       14885       25737       34618       -8675 
      14918      -17241       14970       25827       34681       -8826 
      14966      -17393       15075       25954       34886       -8756 
      15107      -17517       15160       26044       34949       -8907 
      15155      -17669       15265       26171       35154       -8837 
      15296      -17793       15350       26261       35217       -8988 
      15344      -17945       15455       26388       35422       -8918 
      15485      -18069       15540       26478       35485       -9069 
      15533      -18221       15645       26605       35690       -8999 
      15674      -18345       15730       26695       35753       -9150 
      15722      -18497       15835       26822       35958       -9080 
      15863      -18621       15920       26912       36021       -9231 
      15911      -18773       16025       27039       36226       -9161 
      16052      -18897       16110       27129       36289       -9312 
      16100      -19049       16215       27256       36494       -9242 
      16241      -19173       16300       27346       36557       -9393 
      16667      -19877       16785       27907       37298       -9485 
      16808      -20001       16870       27997       37361       -9636 
      15448      -18233       22095       29276       32958       -9566 
      11632      -18884       26748       25389       28961       -6389 
       8372      -24137       31721       19412       23146       -3657 
      11335      -26416       29716       15670       15708       -4571 
      14043      -30156       26423       13259       10161       -6804 
      14191      -30248       26477       13347       10261       -6938 
      14232      -30432       26613       13476       10429       -6885 
      14380      -30524       26667       13564       10529       -7019 
      14421      -30708       26803       13693       10697       -6966 
      14569      -30800       26857       13781       10797       -7100 
      14610      -30984       26993       13910       10965       -7047 
      14758      -31076       27047       13998       11065       -7181 
      14799      -31260       27183       14127       11233       -7128 
      14947      -31352       27237       14215       11333       -7262 
      14988      -31536       27373       14344       11501       -7209 
      15136      -31628       27427       14432       11601       -7343 
      15177      -31812       27563       14561       11769       -7290 
      15325      -31904       27617       14649       11869       -7424 
      15366      -32088       27753       14778       12037       -7371 
      15514      -32180       27807       14866       12137       -7505 
      15555      -32364       27943       14995       12305       -7452 
      15703      -32456       27997       15083       12405       -7586 
      16122      -33192       28513       15646       13109       -7695 
      16270      -33284       28567       15734       13209       -7829 
      11319      -28348       29471       15607        8001       -9184 
       7154      -24256       27727       14033        2639       -2523 
       5910      -23665       27499       11229         376        1178 
       3257      -27354       28432        6337       -2578        1335 
       7401      -31721       24354         861       -1252       -5049 
       7510      -31821       24431         966       -1167       -5096 
       7590      -31997       24544        1078        -984       -5130 
       7699      -32097       24621        1183        -899       -5177 
       7779      -32273       24734        1295        -716       -5211 
       7888      -32373       24811        1400        -631       -5258 
       7968      -32549       24924        1512        -448       -5292 
       8077      -32649       25001        1617        -363       -5339 
       8157      -32825       25114        1729        -180       -5373 
       8266      -32925       25191        1834         -95       -5420 
       8346      -33101       25304        1946          88       -5454 
       8455      -33201       25381        2051         173       -5501 
       8535      -33377       25494        2163         356       -5535 
       8644      -33477       25571        2268         441       -5582 
       8724      -33653       25684        2380         624       -5616 
       8833      -33753       25761        2485         709       -5663 
       8913      -33929       25874        2597         892       -5697 
       9022      -34029       25951        2702         977       -5744 
       9480      -34757       26444        3248        1696       -5940 
       9589      -34857       26521        3353        1781       -5987 
       6981      -30809       24586        2953       -2388       -2949 
       2119      -21214       24423        6902       -2141        5044 
       1705      -11705       21066       10052       -4553        4075 
       3080       -7358       16960        6327       -7229        3050 
       6876       -6640       13353        1595      -10535       -2014 
       6952       -6745       13467        1718      -10390       -1984 
       7065       -6916       13543        1812      -10267       -2095 
       7141       -7021       13657        1935      -10122       -2065 
       7254       -7192       13733        2029       -9999       -2176 
       7330       -7297       13847        2152       -9854       -2146 
       7443       -7468       13923        2246       -9731       -2257 
       7519       -7573       14037        2369       -9586       -2227 
       7632       -7744       14113        2463       -9463       -2338 
       7708       -7849       14227        2586       -9318       -2308 
       7821       -8020       14303        2680       -9195       -2419 
       7897       -8125       14417        2803       -9050       -2389 
       8010       -8296       14493        2897       -8927       -2500 
       8086       -8401       14607        3020       -8782       -2470 
       8199       -8572       14683        3114       -8659       -2581 
       8275       -8677       14797        3237       -8514       -2551 
       8388       -8848       14873        3331       -8391       -2662 
       8464       -8953       14987        3454       -8246       -2632 
       8955       -9676       15443        3982       -7587       -2905 
       9031       -9781       15557        4105       -7442       -2875 
       9784      -11872       12049        6119       -7703        1622 
       6655      -13754        6943        9427       -5251        4688 
       4494       -6630        7416       13351         483        4717 
       4174        2553        8282       11918        4445        3326 
       4814        7229        8880       10764        2513       -2521 
       4871        7103        8980       10865        2681       -2470 
       5003        6953        9070       10981        2781       -2602 
       5060        6827        9170       11082        2949       -2551 
       5192        6677        9260       11198        3049       -2683 
       5249        6551        9360       11299        3217       -2632 
       5381        6401        9450       11415        3317       -2764 
       5438        6275        9550       11516        3485       -2713 
       5570        6125        9640       11632        3585       -2845 
       5627        5999        9740       11733        3753       -2794 
       5759        5849        9830       11849        3853       -2926 
       5816        5723        9930       11950        4021       -2875 
       5948        5573       10020       12066        4121       -3007 
       6005        5447       10120       12167        4289       -2956 
       6137        5297       10210       12283        4389       -3088 
       6194        5171       10310       12384        4557       -3037 
       6326        5021       10400       12500        4657       -3169 
       6383        4895       10500       12601        4825       -3118 
       6893        4193       10970       13151        5461       -3412 
       6950        4067       11070       13252        5629       -3361 
       3114        1741        6680       15032        5089       -1317 
       -126       -3232        6047       19600        9742        2173 
        385       -7713        5852       17262       16330        2543 
       1340       -6802        3167       14204       20711         168 
       3767        -957        3760       13024       18869       -4047 
       3815       -1109        3865       13151       19074       -3977 
       3956       -1233        3950       13241       19137       -4128 
       4004       -1385        4055       13368       19342       -4058 
       4145       -1509        4140       13458       19405       -4209 
       4193       -1661        4245       13585       19610       -4139 
       4334       -1785        4330       13675       19673       -4290 
       4382       -1937        4435       13802       19878       -4220 
       4523       -2061        4520       13892       19941       -4371 
       4571       -2213        4625       14019       20146       -4301 
       4712       -2337        4710       14109       20209       -4452 
       4760       -2489        4815       14236       20414       -4382 
       4901       -2613        4900       14326       20477       -4533 
       4949       -2765        5005       14453       20682       -4463 
       5090       -2889        5090       14543       20745       -4614 
       5138       -3041        5195       14670       20950       -4544 
       5279       -3165        5280       14760       21013       -4695 
       5327       -3317        5385       14887       21218       -4625 
       5846       -3993        5850       15411       21817       -4938 
       5894       -4145        5955       15538       22022       -4868 
       6035       -4269        6040       15628       22085       -5019 
       6083       -4421        6145       15755       22290       -4949 
       6224       -4545        6230       15845       22353       -5100 
       6272       -4697        6335       15972       22558       -5030 
       6413       -4821        6420       16062       22621       -5181 
       6461       -4973        6525       16189       22826       -5111 
       6602       -5097        6610       16279       22889       -5262 
       6650       -5249        6715       16406       23094       -5192 
       6791       -5373        6800       16496       23157       -5343 
       6839       -5525        6905       16623       23362       -5273 
       6980       -5649        6990       16713       23425       -5424 
       7028       -5801        7095       16840       23630       -5354 
       7169       -5925        7180       16930       23693       -5505 
       7217       -6077        7285       17057       23898       -5435 
       7358       -6201        7370       17147       23961       -5586 
       7406       -6353        7475       17274       24166       -5516 
       7547       -6477        7560       17364       24229       -5667 
       7595       -6629        7665       17491       24434       -5597 
       7736       -6753        7750       17581       24497       -5748 
       7784       -6905        7855       17708       24702       -5678 
       7925       -7029        7940       17798       24765       -5829 
       7973       -7181        8045       17925       24970       -5759 
       8492       -7857        8510       18449       25569       -6072 
       8540       -8009        8615       18576       25774       -6002 
       8681       -8133        8700       18666       25837       -6153 
       8729       -8285        8805       18793       26042       -6083 
       8870       -8409        8890       18883       26105       -6234 
       8918       -8561        8995       19010       26310       -6164 
       9059       -8685        9080       19100       26373       -6315 
       9107       -8837        9185       19227       26578       -6245 
       9248       -8961        9270       19317       26641       -6396 
       9296       -9113        9375       19444       26846       -6326 
       9437       -9237        9460       19534       26909       -6477 
       9485       -9389        9565       19661       27114       -6407 
       9626       -9513        9650       19751       27177       -6558 
       9674       -9665        9755       19878       27382       -6488 
       9815       -9789        9840       19968       27445       -6639 
       9863       -9941        9945       20095       27650       -6569 
      10004      -10065       10030       20185       27713       -6720 
      10052      -10217       10135       20312       27918       -6650 
      10193      -10341       10220       20402       27981       -6801 
      10241      -10493       10325       20529       28186       -6731 
      10382      -10617       10410       20619       28249       -6882 
      10430      -10769       10515       20746       28454       -6812 
      10571      -10893       10600       20836       28517       -6963 
      10619      -11045       10705       20963       28722       -6893 
      11138      -11721       11170       21487       29321       -7206 
      11186      -11873       11275       21614       29526       -7136 
      11327      -11997       11360       21704       29589       -7287 
      11375      -12149       11465       21831       29794       -7217 
      11516      -12273       11550       21921       29857       -7368 
      11564      -12425       11655       22048       30062       -7298 
      11705      -12549       11740       22138       30125       -7449 
      11753      -12701       11845       22265       30330       -7379 
      11894      -12825       11930       22355       30393       -7530 
      11942      -12977       12035       22482       30598       -7460 
      12083      -13101       12120       22572       30661       -7611 
      12131      -13253       12225       22699       30866       -7541 
      12272      -13377       12310       22789       30929       -7692 
      12320      -13529       12415       22916       31134       -7622 
      12461      -13653       12500       23006       31197       -7773 
      12509      -13805       12605       23133       31402       -7703 
      12650      -13929       12690       23223       31465       -7854 
      12698      -14081       12795       23350       31670       -7784 
      12839      -14205       12880       23440       31733       -7935 
      12887      -14357       12985       23567       31938       -7865 
      13028      -14481       13070       23657       32001       -8016 
      13076      -14633       13175       23784       32206       -7946 
      13217      -14757       13260       23874       32269       -8097 
      13265      -14909       13365       24001       32474       -8027 
      13784      -15585       13830       24525       33073       -8340 
      13832      -15737       13935       24652       33278       -8270 
      13973      -15861       14020       24742       33341       -8421 
      14021      -16013       14125       24869       33546       -8351 
      14162      -16137       14210       24959       33609       -8502 
      14210      -16289       14315       25086       33814       -8432 
      14351      -16413       14400       25176       33877       -8583 
      14399      -16565       14505       25303       34082       -8513 
      14540      -16689       14590       25393       34145       -8664 
      14588      -16841       14695       25520       34350       -8594 
      14729      -16965       14780       25610       34413       -8745 
      14777      -17117       14885       25737       34618       -8675 
      14918      -17241       14970       25827       34681       -8826 
      14966      -17393       15075       25954       34886       -8756 
      15107      -17517       15160       26044       34949       -8907 
      15155      -17669       15265       26171       35154       -8837 
      15296      -17793       15350       26261       35217       -8988 
      15344      -17945       15455       26388       35422       -8918 
      15485      -18069       15540       26478       35485       -9069 
      15533      -18221       15645       26605       35690       -8999 
      15674      -18345       15730       26695       35753       -9150 
      15722      -18497       15835       26822       35958       -9080 
      15863      -18621       15920       26912       36021       -9231 
      15911      -18773       16025       27039       36226       -9161 
      16430      -19449       16490       27563       36825       -9474 
      16478      -19601       16595       27690       37030       -9404 
      16619      -19725       16680       27780       37093       -9555 
      16667      -19877       16785       27907       37298       -9485 
      16808      -20001       16870       27997       37361       -9636 
      15448      -18233       22095       29276       32958       -9566 
      11632      -18884       26748       25389       28961       -6389 
       8372      -24137       31721       19412       23146       -3657 
      11335      -26416       29716       15670       15708       -4571 
      14043      -30156       26423       13259       10161       -6804 
      14191      -30248       26477       13347       10261       -6938 
      14232      -30432       26613       13476       10429       -6885 
      14380      -30524       26667       13564       10529       -7019 
      14421      -30708       26803       13693       10697       -6966 
      14569      -30800       26857       13781       10797       -7100 
      14610      -30984       26993       13910       10965       -7047 
      14758      -31076       27047       13998       11065       -7181 
      14799      -31260       27183       14127       11233       -7128 
      14947      -31352       27237       14215       11333       -7262 
      14988      -31536       27373       14344       11501       -7209 
      15136      -31628       27427       14432       11601       -7343 
      15177      -31812       27563       14561       11769       -7290 
      15325      -31904       27617       14649       11869       -7424 
      15366      -32088       27753       14778       12037       -7371 
