# Description: ReLU
# Shape: 120 (1D Vector)
0
13435
0
0
10390
0
7220
0
0
0
0
0
4259
0
0
7451
0
0
6138
1131
11016
4746
0
3714
0
0
836
0
7779
12506
3144
12707
11095
10164
2604
0
351
2732
13853
165
0
77
3294
6713
9690
0
0
0
12771
1477
2485
5374
0
4080
6454
8189
53
15813
2293
4900
0
0
4897
0
13209
0
12259
0
0
5859
8159
0
8943
0
0
4049
0
0
0
0
7257
3326
0
0
0
0
3611
2640
8751
7467
2357
0
2898
17754
0
2418
10424
1478
0
3107
8910
5119
9048
5369
1570
8663
0
0
9191
0
0
3480
13956
13029
11256
13245
5774
6105
5450
0
