# Description: Raw Accumulation (Sum)
# Shape: 120 (1D Vector)
-1646
13393
-8790
-4446
10266
-3841
7348
-4590
-9962
-3927
-1603
-4585
4236
-7589
-2629
7351
-21378
-2298
6097
1211
10889
4619
-7173
3684
-7894
-5679
709
-9492
7652
12379
3056
12580
10968
10054
2624
-5228
224
2605
13726
38
-5006
58
3420
6701
9563
-19733
-5629
-13051
12741
1380
2358
5301
-3174
3953
6354
8123
154
15756
2398
4899
-8373
-6000
4897
-7241
13154
-15170
12319
-16771
-18167
5732
8233
-15608
9008
-304
-21765
3922
-6058
-1912
-4440
-13273
7375
3217
-17934
-15004
-7044
-7846
3739
2646
8624
7340
2440
-7724
3026
17882
-3288
2384
10522
1581
-27240
2980
8952
5247
8921
5418
1595
8664
-1995
-5686
9319
-5589
-4122
3353
13894
12902
11129
13373
5666
6225
5538
-4822
