# Description: Accumulation + Bias
# Shape: 120 (1D Vector)
-1519
13435
-8918
-4319
10390
-3969
7220
-4718
-9894
-3800
-1707
-4713
4259
-7684
-2757
7451
-21340
-2426
6138
1131
11016
4746
-7068
3714
-7767
-5807
836
-9498
7779
12506
3144
12707
11095
10164
2604
-5101
351
2732
13853
165
-5044
77
3294
6713
9690
-19649
-5560
-12924
12771
1477
2485
5374
-3054
4080
6454
8189
53
15813
2293
4900
-8471
-6128
4897
-7114
13209
-15237
12259
-16899
-18040
5859
8159
-15732
8943
-206
-21765
4049
-6056
-1995
-4478
-13262
7257
3326
-18062
-14971
-6917
-7835
3611
2640
8751
7467
2357
-7749
2898
17754
-3161
2418
10424
1478
-27368
3107
8910
5119
9048
5369
1570
8663
-2002
-5814
9191
-5717
-4250
3480
13956
13029
11256
13245
5774
6105
5450
-4695
