26330 17779 7862 11733 -1348 -9777 -32464 -8982 -10542 -45105 9336 6328 5359 -7234 -18375 -3523
28596 18680 2512 6694 -2221 -11268 -29379 -10619 -11982 -42581 9138 7065 10886 -3863 -13073 -976
29173 21149 2861 5938 -1713 -12414 -28951 -9849 -12412 -42712 8910 7335 10925 -3132 -11841 -1402
29234 22141 3104 6075 -1273 -12494 -29354 -9346 -12875 -43302 8966 7461 10827 -2841 -11332 -1647
29317 22179 3116 5964 -1248 -12491 -29696 -9463 -13090 -43751 9008 7556 10934 -2796 -11192 -1656
29387 22201 3130 5833 -1160 -12546 -29954 -9556 -13212 -44230 9084 7614 11082 -2707 -11037 -1645
29349 22282 3215 5673 -995 -12648 -30138 -9733 -13265 -44687 9131 7628 11272 -2635 -10941 -1578
29317 22322 3357 5621 -874 -12646 -30468 -9743 -13362 -45208 9115 7655 11360 -2587 -10776 -1532
29305 22272 3367 5523 -846 -12662 -30813 -9899 -13523 -45708 9110 7753 11483 -2459 -10666 -1505
26976 19953 3376 3547 7334 -12724 -21036 -8746 -9066 -50826 6901 9242 10854 -1901 -11826 2225
19800 10432 6043 -12821 -845 -14771 -32675 -16070 -9505 -46028 24339 -8862 12842 6962 26496 2952
20026 8687 721 -16164 1092 -13807 -26440 -19556 -12594 -38698 23039 -6007 18344 14530 30351 8929
20274 11707 639 -17652 2388 -13938 -26803 -18690 -13195 -38550 23235 -4439 19154 14869 30605 10069
20330 12979 858 -17523 2826 -13999 -28023 -18075 -13455 -39648 23371 -3591 18885 14477 30603 9418
20341 12813 904 -17477 2907 -13942 -28343 -18166 -13734 -40118 23175 -3527 18848 14493 30587 9344
20326 12624 892 -17445 3000 -13903 -28511 -18397 -13899 -40435 22975 -3434 18887 14526 30580 9318
20319 12528 1038 -17468 3171 -13902 -28684 -18568 -14025 -40705 22787 -3291 18906 14700 30576 9303
20299 12394 1152 -17384 3317 -13874 -29076 -18607 -14167 -41263 22587 -3162 18845 14744 30509 9268
20286 12175 1194 -17235 3375 -13779 -29323 -18642 -14392 -41756 22294 -3001 18800 14758 30482 9172
18777 9518 2171 -16388 9033 -13948 -19079 -19012 -9391 -47913 19048 -1030 18222 14340 27450 13043
-12957 -5973 4678 -13610 1369 -9882 -25014 -14264 -15929 -38391 -18507 -5726 3588 16944 22534 -1756
-13233 -8951 -575 -16083 6434 -7956 -18964 -18236 -17183 -35819 -19279 1704 3575 16282 20745 -8
-14742 -8124 -1112 -15933 7123 -7086 -19380 -18580 -17074 -37155 -19451 3671 4345 16119 19246 2264
-14960 -7745 -706 -15508 6833 -6970 -20781 -18191 -17339 -38211 -19156 4085 4477 16106 18774 2222
-15003 -7822 -575 -15328 6964 -6838 -21083 -18235 -17480 -38490 -19274 4272 4472 16058 18690 2059
-14977 -7884 -410 -15159 7123 -6690 -21302 -18435 -17585 -38731 -19350 4531 4454 16041 18563 1863
-15012 -7865 -231 -14976 7378 -6588 -21513 -18675 -17649 -39159 -19379 4692 4510 16017 18519 1836
-15004 -7903 -58 -14779 7581 -6534 -21777 -18739 -17763 -39505 -19458 4797 4583 15917 18447 1738
-14911 -7981 17 -14616 7766 -6391 -22072 -18774 -17898 -39784 -19505 5016 4590 15872 18413 1600
-14361 -10451 1235 -11529 10829 -6863 -12868 -18570 -13292 -44195 -19733 8546 3672 16341 16619 3943
-24999 -5880 7503 20611 4827 3769 -23749 -1717 -17080 -26994 -25455 4862 4509 -669 -7966 -8276
-23666 -9140 2130 17328 5279 2125 -19698 -5720 -16091 -26687 -23101 10222 7226 -2112 -8409 -9861
-24365 -10873 1241 17275 6846 2752 -20154 -7081 -14000 -28530 -22044 11772 6853 -2385 -9583 -8893
-24255 -11130 1829 18118 7149 3408 -21249 -6741 -13693 -29765 -22023 11451 6992 -2113 -9543 -8568
-24096 -11072 2003 18168 7253 3478 -21569 -6868 -13767 -30019 -22078 11591 7015 -2237 -9598 -8620
-23918 -10995 2141 18233 7273 3397 -21875 -7060 -13917 -30416 -22110 11639 6992 -2329 -9599 -8684
-23744 -10887 2270 18278 7394 3270 -22086 -7388 -13913 -30747 -22068 11722 7065 -2377 -9598 -8677
-23548 -10739 2420 18283 7507 3246 -22429 -7599 -14004 -31026 -22079 11786 7132 -2433 -9605 -8603
-23304 -10634 2506 18292 7591 3259 -22786 -7798 -14132 -31451 -22107 11928 7187 -2501 -9666 -8578
-22162 -12863 3034 19631 10828 2290 -13539 -6313 -10955 -33885 -20768 16054 6157 -1551 -9371 -7803
16468 -3375 9179 19709 -3813 2239 -27388 -3817 -15501 -25918 -9852 10240 654 -9555 -17078 -5832
20419 -2087 2351 16742 -5676 -1209 -25404 -6107 -13468 -25473 -6723 14107 4262 -6298 -17421 -5728
21470 -303 375 13858 -3022 -2461 -23673 -5781 -9891 -26946 -4053 12224 4561 -6122 -18444 -5996
23903 3360 948 12021 -2225 -4391 -22928 -4645 -9520 -27805 -3081 9949 5314 -6541 -16843 -5971
24625 5678 1072 12053 -2770 -5742 -22470 -3968 -10072 -28421 -2959 8795 5466 -6841 -15521 -6634
24732 5781 1243 12007 -2801 -5888 -22783 -4152 -10166 -28784 -2955 8741 5586 -6793 -15348 -6654
24779 5890 1369 11871 -2693 -6001 -22979 -4448 -10206 -29085 -2926 8801 5695 -6639 -15230 -6652
24843 5937 1583 11760 -2637 -5972 -23337 -4684 -10296 -29620 -2853 8852 5761 -6546 -15136 -6609
24905 5965 1715 11639 -2625 -6063 -23715 -4971 -10381 -30250 -2791 8830 5869 -6482 -14986 -6560
23372 5033 1778 11877 3463 -6481 -14592 -2046 -6532 -34164 -3407 12335 4980 -6037 -15692 -4526
25712 18091 8413 3596 -4 -9507 -33660 -7037 -10227 -48604 13663 5249 4422 -5722 -9166 -6469
27923 13407 1964 -1004 -119 -11941 -33181 -10972 -11574 -48273 18559 5116 8307 -2760 310 -5204
26318 13539 333 -4454 -1197 -12408 -28449 -13620 -10671 -44667 19717 2475 11231 -261 5013 -28
26086 16848 1436 -6952 -1297 -12981 -25961 -14437 -11042 -40487 19062 846 14170 3205 8109 4143
26201 19209 1580 -6547 -1194 -13104 -26710 -13882 -11946 -39276 19551 325 14634 4583 8901 3993
26203 19120 1659 -6523 -1026 -13026 -26988 -13909 -12160 -39647 19305 590 14660 4678 8841 3974
26165 18983 1800 -6431 -791 -12907 -27190 -13962 -12269 -40159 19067 795 14708 4715 8744 3921
26064 18795 1899 -6401 -597 -12913 -27557 -13992 -12377 -40796 18831 863 14686 4727 8698 3896
25999 18564 1984 -6297 -499 -12951 -27932 -14074 -12484 -41290 18592 1015 14702 4801 8745 3840
24349 16449 2496 -7369 6555 -12510 -17578 -12845 -7462 -46463 17048 2925 13724 5129 7296 7286
12302 7829 4878 -18746 5091 -12832 -30168 -10277 -10251 -51380 12082 -9804 13640 11921 28490 7041
11785 2405 538 -21447 2484 -15570 -28242 -11938 -12194 -47989 8289 -8317 13756 15148 32573 3157
7279 -2093 -1430 -21305 817 -12930 -23309 -16062 -13172 -40725 4278 -5935 11989 17574 31936 3811
3177 -1365 -702 -21129 2335 -10793 -20180 -17285 -13888 -36458 1544 -2564 10508 18838 28894 7054
1949 574 -237 -19506 2675 -9367 -21255 -16974 -14668 -36732 1158 -1242 9176 18054 26408 7175
1967 525 -74 -19340 2945 -9123 -21415 -17102 -14821 -37052 1118 -997 9257 18019 26350 7092
2013 527 134 -19201 3260 -9058 -21652 -17190 -14868 -37574 1135 -883 9286 17905 26261 6966
2044 484 334 -19012 3492 -9037 -22080 -17267 -14895 -38052 1111 -781 9332 17846 26208 6820
2093 434 469 -18836 3631 -8938 -22407 -17347 -15040 -38367 1062 -557 9402 17779 26203 6658
1508 -2208 1800 -17060 8175 -8771 -12260 -17558 -9761 -44545 -783 1396 9128 17321 24236 9170
-20791 -7711 5272 -6194 9019 -7211 -24115 -11297 -13114 -46163 -23699 -857 3927 12588 12537 2783
-21037 -8922 3867 -1496 6221 -7073 -24123 -6057 -16709 -38671 -24741 3670 5629 14415 10499 -779
-22281 -9193 1819 2112 6352 -2585 -19057 -6758 -17740 -32755 -25121 7050 3937 11819 6602 -4912
-24115 -10879 936 2565 8640 -448 -16836 -9210 -15296 -31735 -23593 9029 3624 7926 3989 -5074
-24802 -11282 1494 3804 8160 1274 -17797 -9959 -14983 -33022 -23773 9242 3721 5659 2285 -5117
-24674 -11273 1644 3725 8394 1314 -18037 -10231 -15000 -33337 -23826 9339 3705 5626 2386 -5063
-24567 -11266 1902 3726 8561 1160 -18396 -10520 -14949 -33807 -23852 9403 3723 5629 2493 -4985
-24419 -11257 2081 3735 8591 1036 -18806 -10773 -15061 -34310 -23924 9439 3731 5626 2582 -4940
-24229 -11269 2155 3758 8629 1037 -19123 -10964 -15275 -34611 -24016 9548 3790 5603 2652 -4934
-23544 -13546 2804 6903 11329 -603 -10323 -9957 -10434 -38562 -23879 13068 3498 6647 1719 -3268
-16757 -9581 7698 21337 7711 3211 -23478 -7812 -14039 -25347 -18795 10408 2855 -1567 -9543 -7078
-8860 -11302 7505 21147 3615 5790 -24573 -4484 -18195 -21201 -18918 13382 4892 -2704 -10481 -5958
-4147 -9445 5410 21816 1865 5837 -21647 -2226 -18177 -20287 -18532 13784 5198 -7451 -14050 -7750
-2992 -9742 2565 21144 2958 3456 -20390 -3483 -13495 -22805 -16478 13733 3818 -8753 -14991 -8874
-1965 -10262 2776 20840 3023 2721 -21355 -3104 -11105 -25287 -16145 12200 3300 -8598 -13646 -9465
-2080 -10020 3044 20825 2910 2456 -21339 -3453 -11151 -25419 -16169 12056 3572 -8244 -13202 -9327
-2210 -9777 3269 20922 2832 2382 -21552 -3678 -11236 -25923 -16230 11910 3693 -8067 -13095 -9177
-2149 -9584 3415 20980 2812 2277 -21979 -3959 -11378 -26352 -16229 12001 3855 -7989 -13088 -9149
-2020 -9419 3490 20937 2832 2250 -22279 -4209 -11574 -26715 -16276 12147 4007 -7886 -13083 -9129
-1443 -11255 3673 21775 7624 1181 -12929 -1584 -7498 -28884 -14787 15842 3130 -6605 -13238 -7661
23854 13549 6147 14309 -730 -5077 -24613 -4135 -11712 -31943 713 9072 3561 -9077 -19772 -8067
29109 12459 4402 12900 -1502 -4975 -26815 -7646 -15387 -31956 3198 12597 6452 -7455 -18491 -6801
31490 13963 3906 11860 -2910 -8570 -29972 -10155 -13649 -36034 6971 11147 5758 -7471 -18545 -6640
31637 15312 1695 10112 -3630 -11190 -29562 -12738 -12364 -37320 9497 8163 8214 -7018 -18199 -4757
32470 17731 578 7692 -4365 -12636 -27249 -11643 -11788 -37256 8398 4985 10378 -5665 -15278 -2590
33029 20116 930 6916 -3809 -13654 -26893 -10926 -12213 -37413 8123 5472 10473 -4738 -14108 -2776
33142 21334 1069 7008 -3313 -13781 -27463 -10370 -12753 -38033 8217 5750 10427 -4365 -13504 -3083
33282 21458 1036 6889 -3299 -13853 -27828 -10514 -12932 -38469 8295 5838 10630 -4296 -13384 -3041
33381 21558 994 6745 -3208 -13950 -28024 -10667 -13115 -38934 8366 5910 10850 -4228 -13351 -3001
31445 19632 922 5020 4496 -13869 -18096 -8174 -8907 -43391 6519 7455 9728 -4270 -14134 -146
# Description: Raw Conv
# Shape: 10x10x16
