# Description: Bias + ReLU
# Shape: 10x10x16
25384 17779 7862 11733 0 0 0 0 0 0 9336 6328 4572 0 0 0
27650 18680 2512 6694 0 0 0 0 0 0 9138 7065 10099 0 0 0
28227 21149 2861 5938 0 0 0 0 0 0 8910 7335 10138 0 0 0
28288 22141 3104 6075 0 0 0 0 0 0 8966 7461 10040 0 0 0
28371 22179 3116 5964 0 0 0 0 0 0 9008 7556 10147 0 0 0
28441 22201 3130 5833 0 0 0 0 0 0 9084 7614 10295 0 0 0
28403 22282 3215 5673 0 0 0 0 0 0 9131 7628 10485 0 0 0
28371 22322 3357 5621 0 0 0 0 0 0 9115 7655 10573 0 0 0
28359 22272 3367 5523 0 0 0 0 0 0 9110 7753 10696 0 0 0
26030 19953 3376 3547 7334 0 0 0 0 0 6901 9242 10067 0 0 2225
18854 10432 6043 0 0 0 0 0 0 0 24339 0 12055 6962 26496 2952
19080 8687 721 0 1092 0 0 0 0 0 23039 0 17557 14530 30351 8929
19328 11707 639 0 2388 0 0 0 0 0 23235 0 18367 14869 30605 10069
19384 12979 858 0 2826 0 0 0 0 0 23371 0 18098 14477 30603 9418
19395 12813 904 0 2907 0 0 0 0 0 23175 0 18061 14493 30587 9344
19380 12624 892 0 3000 0 0 0 0 0 22975 0 18100 14526 30580 9318
19373 12528 1038 0 3171 0 0 0 0 0 22787 0 18119 14700 30576 9303
19353 12394 1152 0 3317 0 0 0 0 0 22587 0 18058 14744 30509 9268
19340 12175 1194 0 3375 0 0 0 0 0 22294 0 18013 14758 30482 9172
17831 9518 2171 0 9033 0 0 0 0 0 19048 0 17435 14340 27450 13043
0 0 4678 0 1369 0 0 0 0 0 0 0 2801 16944 22534 0
0 0 0 0 6434 0 0 0 0 0 0 1704 2788 16282 20745 0
0 0 0 0 7123 0 0 0 0 0 0 3671 3558 16119 19246 2264
0 0 0 0 6833 0 0 0 0 0 0 4085 3690 16106 18774 2222
0 0 0 0 6964 0 0 0 0 0 0 4272 3685 16058 18690 2059
0 0 0 0 7123 0 0 0 0 0 0 4531 3667 16041 18563 1863
0 0 0 0 7378 0 0 0 0 0 0 4692 3723 16017 18519 1836
0 0 0 0 7581 0 0 0 0 0 0 4797 3796 15917 18447 1738
0 0 17 0 7766 0 0 0 0 0 0 5016 3803 15872 18413 1600
0 0 1235 0 10829 0 0 0 0 0 0 8546 2885 16341 16619 3943
0 0 7503 20611 4827 3769 0 0 0 0 0 4862 3722 0 0 0
0 0 2130 17328 5279 2125 0 0 0 0 0 10222 6439 0 0 0
0 0 1241 17275 6846 2752 0 0 0 0 0 11772 6066 0 0 0
0 0 1829 18118 7149 3408 0 0 0 0 0 11451 6205 0 0 0
0 0 2003 18168 7253 3478 0 0 0 0 0 11591 6228 0 0 0
0 0 2141 18233 7273 3397 0 0 0 0 0 11639 6205 0 0 0
0 0 2270 18278 7394 3270 0 0 0 0 0 11722 6278 0 0 0
0 0 2420 18283 7507 3246 0 0 0 0 0 11786 6345 0 0 0
0 0 2506 18292 7591 3259 0 0 0 0 0 11928 6400 0 0 0
0 0 3034 19631 10828 2290 0 0 0 0 0 16054 5370 0 0 0
15522 0 9179 19709 0 2239 0 0 0 0 0 10240 0 0 0 0
19473 0 2351 16742 0 0 0 0 0 0 0 14107 3475 0 0 0
20524 0 375 13858 0 0 0 0 0 0 0 12224 3774 0 0 0
22957 3360 948 12021 0 0 0 0 0 0 0 9949 4527 0 0 0
23679 5678 1072 12053 0 0 0 0 0 0 0 8795 4679 0 0 0
23786 5781 1243 12007 0 0 0 0 0 0 0 8741 4799 0 0 0
23833 5890 1369 11871 0 0 0 0 0 0 0 8801 4908 0 0 0
23897 5937 1583 11760 0 0 0 0 0 0 0 8852 4974 0 0 0
23959 5965 1715 11639 0 0 0 0 0 0 0 8830 5082 0 0 0
22426 5033 1778 11877 3463 0 0 0 0 0 0 12335 4193 0 0 0
24766 18091 8413 3596 0 0 0 0 0 0 13663 5249 3635 0 0 0
26977 13407 1964 0 0 0 0 0 0 0 18559 5116 7520 0 310 0
25372 13539 333 0 0 0 0 0 0 0 19717 2475 10444 0 5013 0
25140 16848 1436 0 0 0 0 0 0 0 19062 846 13383 3205 8109 4143
25255 19209 1580 0 0 0 0 0 0 0 19551 325 13847 4583 8901 3993
25257 19120 1659 0 0 0 0 0 0 0 19305 590 13873 4678 8841 3974
25219 18983 1800 0 0 0 0 0 0 0 19067 795 13921 4715 8744 3921
25118 18795 1899 0 0 0 0 0 0 0 18831 863 13899 4727 8698 3896
25053 18564 1984 0 0 0 0 0 0 0 18592 1015 13915 4801 8745 3840
23403 16449 2496 0 6555 0 0 0 0 0 17048 2925 12937 5129 7296 7286
11356 7829 4878 0 5091 0 0 0 0 0 12082 0 12853 11921 28490 7041
10839 2405 538 0 2484 0 0 0 0 0 8289 0 12969 15148 32573 3157
6333 0 0 0 817 0 0 0 0 0 4278 0 11202 17574 31936 3811
2231 0 0 0 2335 0 0 0 0 0 1544 0 9721 18838 28894 7054
1003 574 0 0 2675 0 0 0 0 0 1158 0 8389 18054 26408 7175
1021 525 0 0 2945 0 0 0 0 0 1118 0 8470 18019 26350 7092
1067 527 134 0 3260 0 0 0 0 0 1135 0 8499 17905 26261 6966
1098 484 334 0 3492 0 0 0 0 0 1111 0 8545 17846 26208 6820
1147 434 469 0 3631 0 0 0 0 0 1062 0 8615 17779 26203 6658
562 0 1800 0 8175 0 0 0 0 0 0 1396 8341 17321 24236 9170
0 0 5272 0 9019 0 0 0 0 0 0 0 3140 12588 12537 2783
0 0 3867 0 6221 0 0 0 0 0 0 3670 4842 14415 10499 0
0 0 1819 2112 6352 0 0 0 0 0 0 7050 3150 11819 6602 0
0 0 936 2565 8640 0 0 0 0 0 0 9029 2837 7926 3989 0
0 0 1494 3804 8160 1274 0 0 0 0 0 9242 2934 5659 2285 0
0 0 1644 3725 8394 1314 0 0 0 0 0 9339 2918 5626 2386 0
0 0 1902 3726 8561 1160 0 0 0 0 0 9403 2936 5629 2493 0
0 0 2081 3735 8591 1036 0 0 0 0 0 9439 2944 5626 2582 0
0 0 2155 3758 8629 1037 0 0 0 0 0 9548 3003 5603 2652 0
0 0 2804 6903 11329 0 0 0 0 0 0 13068 2711 6647 1719 0
0 0 7698 21337 7711 3211 0 0 0 0 0 10408 2068 0 0 0
0 0 7505 21147 3615 5790 0 0 0 0 0 13382 4105 0 0 0
0 0 5410 21816 1865 5837 0 0 0 0 0 13784 4411 0 0 0
0 0 2565 21144 2958 3456 0 0 0 0 0 13733 3031 0 0 0
0 0 2776 20840 3023 2721 0 0 0 0 0 12200 2513 0 0 0
0 0 3044 20825 2910 2456 0 0 0 0 0 12056 2785 0 0 0
0 0 3269 20922 2832 2382 0 0 0 0 0 11910 2906 0 0 0
0 0 3415 20980 2812 2277 0 0 0 0 0 12001 3068 0 0 0
0 0 3490 20937 2832 2250 0 0 0 0 0 12147 3220 0 0 0
0 0 3673 21775 7624 1181 0 0 0 0 0 15842 2343 0 0 0
22908 13549 6147 14309 0 0 0 0 0 0 713 9072 2774 0 0 0
28163 12459 4402 12900 0 0 0 0 0 0 3198 12597 5665 0 0 0
30544 13963 3906 11860 0 0 0 0 0 0 6971 11147 4971 0 0 0
30691 15312 1695 10112 0 0 0 0 0 0 9497 8163 7427 0 0 0
31524 17731 578 7692 0 0 0 0 0 0 8398 4985 9591 0 0 0
32083 20116 930 6916 0 0 0 0 0 0 8123 5472 9686 0 0 0
32196 21334 1069 7008 0 0 0 0 0 0 8217 5750 9640 0 0 0
32336 21458 1036 6889 0 0 0 0 0 0 8295 5838 9843 0 0 0
32435 21558 994 6745 0 0 0 0 0 0 8366 5910 10063 0 0 0
30499 19632 922 5020 4496 0 0 0 0 0 6519 7455 8941 0 0 0
