# Description: Pool
# Shape: 5x5x16
27650 18680 7862 11733 1092 0 0 0 0 0 24339 7065 17557 14530 30351 8929
28288 22141 3104 6075 2826 0 0 0 0 0 23371 7461 18367 14869 30605 10069
28441 22201 3130 5964 3000 0 0 0 0 0 23175 7614 18100 14526 30587 9344
28403 22322 3357 5673 3317 0 0 0 0 0 22787 7655 18119 14744 30576 9303
28359 22272 3376 5523 9033 0 0 0 0 0 22294 9242 18013 14758 30482 13043
0 0 7503 20611 6434 3769 0 0 0 0 0 10222 6439 16944 22534 0
0 0 1829 18118 7149 3408 0 0 0 0 0 11772 6205 16119 19246 2264
0 0 2141 18233 7273 3478 0 0 0 0 0 11639 6228 16058 18690 2059
0 0 2420 18283 7581 3270 0 0 0 0 0 11786 6345 16017 18519 1836
0 0 3034 19631 10829 3259 0 0 0 0 0 16054 6400 16341 18413 3943
26977 18091 9179 19709 0 2239 0 0 0 0 18559 14107 7520 0 310 0
25372 16848 1436 13858 0 0 0 0 0 0 19717 12224 13383 3205 8109 4143
25257 19209 1659 12053 0 0 0 0 0 0 19551 8795 13873 4678 8901 3993
25219 18983 1899 11871 0 0 0 0 0 0 19067 8852 13921 4727 8744 3921
25053 18564 2496 11877 6555 0 0 0 0 0 18592 12335 13915 5129 8745 7286
11356 7829 5272 0 9019 0 0 0 0 0 12082 3670 12969 15148 32573 7041
6333 0 1819 2565 8640 0 0 0 0 0 4278 9029 11202 18838 31936 7054
1021 574 1644 3804 8394 1314 0 0 0 0 1158 9339 8470 18054 26408 7175
1098 527 2081 3735 8591 1160 0 0 0 0 1135 9439 8545 17905 26261 6966
1147 434 2804 6903 11329 1037 0 0 0 0 1062 13068 8615 17779 26203 9170
28163 13549 7698 21337 7711 5790 0 0 0 0 3198 13382 5665 0 0 0
30691 15312 5410 21816 2958 5837 0 0 0 0 9497 13784 7427 0 0 0
32083 20116 3044 20840 3023 2721 0 0 0 0 8398 12200 9686 0 0 0
32336 21458 3415 20980 2832 2382 0 0 0 0 8295 12001 9843 0 0 0
32435 21558 3673 21775 7624 2250 0 0 0 0 8366 15842 10063 0 0 0
