108 72 30 45 4 0 0 0 0 0 95 27 68 56 118 34
110 86 12 23 11 0 0 0 0 0 91 29 71 58 119 39
111 86 12 23 11 0 0 0 0 0 90 29 70 56 119 36
110 87 13 22 12 0 0 0 0 0 89 29 70 57 119 36
110 87 13 21 35 0 0 0 0 0 87 36 70 57 119 50
0 0 29 80 25 14 0 0 0 0 0 39 25 66 88 0
0 0 7 70 27 13 0 0 0 0 0 45 24 62 75 8
0 0 8 71 28 13 0 0 0 0 0 45 24 62 73 8
0 0 9 71 29 12 0 0 0 0 0 46 24 62 72 7
0 0 11 76 42 12 0 0 0 0 0 62 25 63 71 15
105 70 35 76 0 8 0 0 0 0 72 55 29 0 1 0
99 65 5 54 0 0 0 0 0 0 77 47 52 12 31 16
98 75 6 47 0 0 0 0 0 0 76 34 54 18 34 15
98 74 7 46 0 0 0 0 0 0 74 34 54 18 34 15
97 72 9 46 25 0 0 0 0 0 72 48 54 20 34 28
44 30 20 0 35 0 0 0 0 0 47 14 50 59 127 27
24 0 7 10 33 0 0 0 0 0 16 35 43 73 124 27
3 2 6 14 32 5 0 0 0 0 4 36 33 70 103 28
4 2 8 14 33 4 0 0 0 0 4 36 33 69 102 27
4 1 10 26 44 4 0 0 0 0 4 51 33 69 102 35
110 52 30 83 30 22 0 0 0 0 12 52 22 0 0 0
119 59 21 85 11 22 0 0 0 0 37 53 29 0 0 0
125 78 11 81 11 10 0 0 0 0 32 47 37 0 0 0
126 83 13 81 11 9 0 0 0 0 32 46 38 0 0 0
126 84 14 85 29 8 0 0 0 0 32 61 39 0 0 0
# Description: Final L2 Out
# Shape: 5x5x16
